> Measurement made Fri Aug 16 14:01:08 2024
> Main magnet sweep  6.00000 to  0.00000 Tesla at  5.999 mT/s 
> Hysteresis correction (approximate) has been applied. 
> Main Magnet at  6.00000 T 
> ITC set at    6.000 K, T1:   5.984 K, T2: 509.100 K, T3: 324.100 K 
> Sample Temperature could not be read directly 
> LockIn1:   1 mV, Mod Freq 41680.000000 Hz, Phase -1.420000 degr, Ampl. 0.150000 V
>  Tc 0.100000 seconds, Slope 18/oct, Dyn Res Normal .
> LockIn2:   1 mV, Mod Freq 41680.600000 Hz, Phase -2.970000 degr, Ampl. 0.010000 V
>  Tc 0.100000 seconds, Slope 18/oct, Dyn Res Normal .
> Modulation: 16.781360 mA 
> Source Freq 120 GHz (dial 15.00), LO Freq 115.8 GHz (dial 5250) 
> Martin Pupplet setting 7.0 mm, Attenuator Grid 25 dB
> Source attn 20 dB, Diode reading (-20dB) 0.5 mV
> Reference attn 10 dB, Diode reading (-30dB) 12 mV
Field  Signal1_X  Signal2_X    Signal1_Y   Signal2_Y    
T  mV mV mV mV 
-YMnS  on rotator rotated 27 degree from perp
Rotator Setting 980
6K 0-6T

>BEGIN
 
      4.5006004       0.0528099      0.00870234     -0.00929838       0.0036955 
      4.4999405       0.0529888      0.00870234     -0.00923878      0.00405314 
      4.4991906       0.0529888      0.00840431     -0.00917917      0.00405314 
      4.4985366       0.0525715       0.0082851     -0.00905996       0.0036359 
      4.4978827       0.0522139      0.00834471     -0.00858313      0.00345708 
      4.4971328       0.0522735      0.00834471      -0.0082255       0.0036955 
      4.4964729       0.0525119      0.00834471      -0.0082255      0.00339748 
       4.495723       0.0526907      0.00858313     -0.00834471      0.00339748 
      4.4950691       0.0523331      0.00852352     -0.00840431      0.00357629 
      4.4944092       0.0517967      0.00882155     -0.00870234       0.0036955 
      4.4936593        0.051439      0.00900036     -0.00864273      0.00381473 
      4.4929094       0.0519755      0.00846392      -0.0082851      0.00357629 
      4.4922555       0.0522139      0.00804669     -0.00774866      0.00345708 
      4.4915056       0.0523927      0.00798708     -0.00756982      0.00375511 
      4.4908517       0.0524523      0.00798708     -0.00780827      0.00441077 
      4.4901018       0.0525715      0.00804669     -0.00798708      0.00506642 
      4.4894419       0.0529292      0.00834471      -0.0082851      0.00482801 
       4.488692       0.0527503       0.0082851     -0.00852352      0.00482801 
      4.4879421       0.0522735      0.00810629     -0.00870234      0.00464919 
      4.4872882       0.0520947      0.00745061     -0.00870234      0.00441077 
      4.4866343       0.0519159      0.00667575     -0.00876194      0.00458959 
      4.4859744       0.0519159      0.00661614     -0.00888115      0.00429156 
      4.4852245       0.0517967       0.0072718     -0.00900036      0.00464919 
      4.4845706       0.0518563      0.00816589     -0.00888115      0.00464919 
      4.4838207       0.0518563       0.0082851     -0.00858313      0.00464919 
      4.4830708       0.0516775      0.00816589     -0.00834471      0.00429156 
      4.4824109       0.0517967      0.00852352     -0.00858313      0.00387433 
       4.481661       0.0517967      0.00888115     -0.00858313      0.00357629 
      4.4810071       0.0516775      0.00911957     -0.00852352      0.00357629 
      4.4802572       0.0518563      0.00888115     -0.00846392      0.00387433 
      4.4796033       0.0520351      0.00876194     -0.00852352      0.00441077 
      4.4789434       0.0523331      0.00798708     -0.00870234      0.00482801 
      4.4781935       0.0526907      0.00721219     -0.00894075      0.00429156 
      4.4774436       0.0527503      0.00715259     -0.00882155       0.0036955 
      4.4766937       0.0528099      0.00721219     -0.00852352      0.00351669 
      4.4760398       0.0525119      0.00703338      -0.0082255      0.00345708 
      4.4753859       0.0522139      0.00715259      -0.0082851      0.00339748 
       4.474636       0.0522139      0.00780827     -0.00834471       0.0036359 
      4.4739761       0.0522139      0.00816589     -0.00786787      0.00375511 
      4.4732262       0.0516775      0.00786787     -0.00774866      0.00399354 
      4.4725723       0.0512602      0.00751021     -0.00768906      0.00405314 
      4.4718224       0.0515583      0.00709298     -0.00762945      0.00435117 
      4.4710725       0.0520351      0.00679496     -0.00816589      0.00423196 
      4.4704126       0.0523927      0.00655654     -0.00852352      0.00387433 
      4.4697587       0.0523927      0.00637773     -0.00846392      0.00375511 
      4.4690088       0.0523927      0.00721219     -0.00834471      0.00375511 
      4.4683549       0.0523331      0.00780827      -0.0082851      0.00339748 
       4.467695       0.0524523      0.00798708     -0.00858313      0.00339748 
      4.4669451       0.0522139      0.00798708     -0.00894075      0.00357629 
      4.4662912       0.0517371      0.00774866     -0.00900036      0.00423196 
      4.4655413       0.0512006      0.00739101     -0.00882155       0.0047088 
      4.4647914        0.051141      0.00709298     -0.00870234      0.00452998 
      4.4641375        0.051141      0.00679496     -0.00870234      0.00429156 
      4.4633876       0.0512602      0.00685456     -0.00834471      0.00512603 
      4.4627277       0.0513794      0.00721219      -0.0082851      0.00542405 
      4.4619778       0.0515583      0.00709298     -0.00852352      0.00572208 
      4.4613239       0.0516775       0.0073314     -0.00846392      0.00578168 
       4.460574       0.0514986      0.00751021      -0.0082255      0.00518563 
      4.4598241       0.0516179      0.00709298      -0.0082255      0.00411275 
      4.4591642       0.0517967      0.00685456     -0.00804669      0.00333787 
      4.4585103       0.0517967      0.00768906     -0.00804669      0.00315906 
      4.4577604       0.0519755      0.00804669     -0.00834471      0.00333787 
      4.4571065       0.0522139      0.00715259     -0.00840431      0.00387433 
      4.4564466       0.0522139      0.00655654     -0.00858313      0.00452998 
      4.4556967       0.0517967      0.00625852     -0.00870234      0.00441077 
      4.4550428       0.0513794       0.0060797     -0.00900036      0.00464919 
      4.4542929       0.0515583      0.00619891     -0.00894075      0.00482801 
      4.4536389       0.0517967      0.00679496     -0.00858313      0.00494721 
      4.4528891       0.0520947      0.00721219      -0.0082255      0.00494721 
      4.4521392       0.0520947      0.00762945      -0.0082255      0.00494721 
      4.4513893       0.0517371      0.00768906     -0.00834471      0.00458959 
      4.4507294       0.0515583      0.00774866      -0.0082255      0.00411275 
      4.4500754       0.0516179      0.00739101     -0.00804669       0.0036955 
      4.4493256       0.0519159      0.00685456     -0.00804669      0.00345708 
      4.4485757       0.0519755      0.00679496     -0.00774866      0.00339748 
      4.4479158       0.0517967      0.00679496     -0.00804669      0.00393394 
      4.4472618       0.0513794      0.00679496     -0.00870234      0.00423196 
      4.4466079       0.0509622      0.00685456     -0.00900036      0.00435117 
       4.445858       0.0509026      0.00685456     -0.00905996      0.00417235 
      4.4451081       0.0509026      0.00655654     -0.00894075      0.00405314 
      4.4444482       0.0510814      0.00596049     -0.00894075      0.00351669 
      4.4436983       0.0512602      0.00566247     -0.00917917      0.00315906 
      4.4429484       0.0514986      0.00548366     -0.00935799      0.00274183 
      4.4421986       0.0516775      0.00554326     -0.00911957      0.00292064 
      4.4415446       0.0517967       0.0060201     -0.00894075      0.00327827 
      4.4407947       0.0513794      0.00649694     -0.00864273      0.00321867 
      4.4400449       0.0512602      0.00625852     -0.00864273      0.00405314 
      4.4393909       0.0512006      0.00578168     -0.00870234       0.0047088 
      4.4386411       0.0510814      0.00566247     -0.00923878      0.00441077 
      4.4378912        0.051439      0.00613931      -0.0094772      0.00464919 
      4.4372312       0.0517967      0.00613931     -0.00935799      0.00458959 
      4.4365773       0.0519159      0.00578168     -0.00929838      0.00447038 
      4.4359174       0.0519755      0.00536445     -0.00894075      0.00464919 
      4.4351675       0.0519755      0.00524524     -0.00864273      0.00482801 
      4.4345136       0.0522139      0.00524524     -0.00882155      0.00441077 
      4.4337637       0.0521543      0.00572208     -0.00900036      0.00441077 
      4.4331098       0.0519159      0.00631812     -0.00911957      0.00452998 
      4.4323599       0.0514986      0.00649694     -0.00900036      0.00411275 
         4.4317       0.0512602      0.00554326     -0.00864273       0.0036955 
      4.4309501       0.0512006      0.00482801     -0.00864273      0.00345708 
      4.4302002        0.051141      0.00536445     -0.00876194      0.00345708 
      4.4295463        0.051439      0.00566247     -0.00870234       0.0036359 
      4.4287964       0.0517967      0.00560287     -0.00870234       0.0036955 
      4.4281425       0.0519159      0.00596049     -0.00900036      0.00435117 
      4.4273926       0.0517371      0.00649694      -0.0094772      0.00464919 
      4.4266427       0.0518563      0.00631812      -0.0094772      0.00458959 
      4.4259828       0.0517967       0.0060201     -0.00905996      0.00411275 
      4.4252329        0.051439      0.00578168     -0.00888115      0.00411275 
       4.424483       0.0512006      0.00536445     -0.00888115       0.0036955 
      4.4237331       0.0510814      0.00524524     -0.00888115      0.00357629 
      4.4229832       0.0509622      0.00464919     -0.00905996      0.00357629 
      4.4221434       0.0506642      0.00458959     -0.00923878      0.00399354 
      4.4214835       0.0507834      0.00518563     -0.00935799      0.00411275 
      4.4207336       0.0509026      0.00512603     -0.00917917      0.00458959 
      4.4199837       0.0509622      0.00458959     -0.00905996      0.00429156 
      4.4192338        0.051141      0.00429156     -0.00911957       0.0036359 
      4.4185799       0.0512602      0.00530484     -0.00870234      0.00274183 
        4.41783       0.0514986      0.00548366     -0.00905996      0.00274183 
      4.4170801       0.0513794      0.00518563     -0.00935799      0.00268222 
      4.4164202        0.050843      0.00512603     -0.00965601      0.00298025 
      4.4157663       0.0503662      0.00554326     -0.00941759      0.00327827 
      4.4150164        0.050545      0.00631812     -0.00935799      0.00303985 
      4.4142665        0.050843       0.0060797     -0.00923878       0.0023842 
      4.4135166       0.0510218       0.0060201     -0.00917917      0.00274183 
      4.4128627       0.0509622      0.00631812     -0.00923878      0.00268222 
      4.4122028       0.0509622      0.00643733      -0.0095368      0.00256301 
      4.4115489       0.0512006      0.00631812     -0.00971562      0.00274183 
       4.410799       0.0509026      0.00596049     -0.00983482      0.00345708 
       4.410145       0.0506046      0.00619891      -0.0100136      0.00399354 
      4.4093952       0.0507834       0.0060797      -0.0102521      0.00423196 
      4.4086453       0.0509026      0.00584128      -0.0103713      0.00375511 
      4.4078954       0.0510814      0.00554326     -0.00995403      0.00411275 
      4.4072355       0.0510218      0.00560287     -0.00959641      0.00429156 
      4.4064856       0.0510218      0.00566247     -0.00941759      0.00441077 
      4.4058317       0.0506046      0.00572208     -0.00929838      0.00399354 
      4.4051717       0.0502469      0.00578168     -0.00929838      0.00381473 
      4.4044219       0.0501277      0.00578168     -0.00935799      0.00393394 
       4.403672       0.0503066      0.00590089     -0.00935799      0.00441077 
       4.403018       0.0504854      0.00584128     -0.00923878      0.00464919 
      4.4022682       0.0504258      0.00554326     -0.00917917      0.00441077 
      4.4015183       0.0501277      0.00530484     -0.00923878      0.00441077 
      4.4007684       0.0501873      0.00488761     -0.00977522      0.00494721 
      4.4000185       0.0504854      0.00482801     -0.00989443      0.00512603 
      4.3993646       0.0507238      0.00441077     -0.00995403      0.00500682 
      4.3986147       0.0507834      0.00405314      -0.0101925      0.00464919 
      4.3979548       0.0503066      0.00405314      -0.0104309      0.00452998 
      4.3972049       0.0503066      0.00452998      -0.0102521      0.00458959 
       4.396551       0.0501277      0.00441077      -0.0101328      0.00524524 
      4.3958011       0.0501277       0.0047684      -0.0101328      0.00518563 
      4.3951472       0.0501277      0.00506642      -0.0103117       0.0047088 
      4.3943973       0.0502469       0.0047088      -0.0101328      0.00417235 
      4.3936474       0.0501873      0.00399354      -0.0103713      0.00464919 
      4.3929875       0.0504258      0.00411275      -0.0108481      0.00488761 
      4.3921476       0.0502469      0.00429156      -0.0108481      0.00488761 
      4.3914877       0.0501277      0.00411275      -0.0104309       0.0047088 
      4.3908338       0.0502469      0.00429156      -0.0101328       0.0047088 
      4.3901739       0.0502469      0.00411275      -0.0102521      0.00488761 
       4.389424       0.0502469      0.00405314      -0.0101328      0.00464919 
        4.38877       0.0501873      0.00458959     -0.00995403      0.00458959 
      4.3880202       0.0503066      0.00536445      -0.0101328      0.00488761 
      4.3872703       0.0510218      0.00572208      -0.0106693      0.00500682 
      4.3866164       0.0512602      0.00518563      -0.0105501      0.00542405 
      4.3858665       0.0506046      0.00423196      -0.0107289      0.00596049 
      4.3852065       0.0504258      0.00327827      -0.0109673       0.0060201 
      4.3844567       0.0504854      0.00262262      -0.0112057      0.00512603 
      4.3837068       0.0504854      0.00268222      -0.0109673      0.00530484 
      4.3830529       0.0502469      0.00286104      -0.0105501      0.00572208 
      4.3823989       0.0499489      0.00280143      -0.0103117      0.00572208 
       4.381649       0.0497105      0.00268222      -0.0101328      0.00506642 
      4.3809891       0.0495317      0.00268222      -0.0100136      0.00482801 
      4.3802392       0.0495913      0.00321867      -0.0100136      0.00452998 
      4.3794894       0.0495317      0.00393394     -0.00983482      0.00411275 
      4.3787395       0.0496509      0.00435117      -0.0101925      0.00399354 
      4.3780855       0.0497701      0.00464919      -0.0109077      0.00423196 
      4.3774256       0.0499489      0.00423196      -0.0113845      0.00405314 
      4.3766757       0.0501873      0.00339748      -0.0115038      0.00387433 
      4.3759259       0.0501873      0.00303985      -0.0114442      0.00351669 
       4.375176       0.0500085      0.00303985      -0.0112057      0.00345708 
       4.374522       0.0494721      0.00387433      -0.0111461       0.0036359 
      4.3738681       0.0491741      0.00405314      -0.0113249      0.00381473 
      4.3732082       0.0491741      0.00417235       -0.011623      0.00399354 
      4.3724583       0.0494721      0.00429156      -0.0116826      0.00411275 
      4.3717084       0.0496509      0.00423196      -0.0115038      0.00387433 
      4.3710545       0.0499489      0.00405314      -0.0113249      0.00411275 
      4.3703046       0.0502469      0.00339748      -0.0118018      0.00452998 
      4.3696507       0.0501277      0.00280143       -0.011921      0.00494721 
      4.3689008       0.0500085      0.00286104      -0.0118018      0.00488761 
      4.3681509       0.0497701      0.00321867      -0.0120998      0.00458959 
       4.367401       0.0498297      0.00286104      -0.0120402      0.00429156 
      4.3667411       0.0498893       0.0023246       -0.011921       0.0036955 
      4.3660872       0.0495317      0.00214578      -0.0119806      0.00345708 
      4.3653373       0.0491145      0.00226499      -0.0119806      0.00423196 
      4.3646774       0.0489953       0.0023842      -0.0118614      0.00441077 
      4.3640235       0.0489953       0.0023842      -0.0118614      0.00441077 
      4.3632736       0.0488164       0.0023842      -0.0115038      0.00458959 
      4.3625237        0.048578      0.00315906      -0.0110865      0.00429156 
      4.3618698       0.0485184      0.00345708      -0.0114442      0.00411275 
      4.3611199        0.048578      0.00351669      -0.0116826      0.00458959 
        4.36037       0.0486376      0.00321867       -0.012219      0.00518563 
      4.3596201       0.0484588      0.00303985      -0.0123382      0.00542405 
      4.3588702       0.0484588       0.0023246      -0.0123382      0.00548366 
      4.3582103       0.0487568      0.00190736      -0.0123978      0.00536445 
      4.3574604       0.0489953      0.00178815      -0.0128151      0.00500682 
      4.3568065       0.0489953      0.00226499      -0.0131131      0.00512603 
      4.3560566       0.0493529      0.00208618      -0.0131727      0.00506642 
      4.3554027       0.0497105      0.00208618      -0.0131131      0.00506642 
      4.3547428       0.0497105      0.00154973      -0.0129939      0.00512603 
      4.3540889       0.0494721      0.00184775      -0.0131131      0.00506642 
       4.353339       0.0491741      0.00250341      -0.0130535      0.00447038 
      4.3525891       0.0487568      0.00292064      -0.0129343      0.00435117 
      4.3518392       0.0481608      0.00262262      -0.0126362      0.00500682 
      4.3511793       0.0482204       0.0023246      -0.0126362      0.00518563 
      4.3505254       0.0481012      0.00202657       -0.012517      0.00488761 
      4.3497755         0.04828      0.00214578      -0.0123382      0.00429156 
      4.3491216       0.0485184      0.00226499       -0.012219      0.00387433 
      4.3483717       0.0483992      0.00220539       -0.012219      0.00435117 
      4.3476218        0.048876      0.00190736      -0.0126958      0.00435117 
      4.3469619       0.0491741      0.00226499      -0.0130535      0.00417235 
       4.346212       0.0490549      0.00262262      -0.0134707      0.00441077 
      4.3454621       0.0488164      0.00292064      -0.0139475      0.00452998 
      4.3448082       0.0486376      0.00274183      -0.0140668       0.0047088 
      4.3440583       0.0486376      0.00250341      -0.0138879      0.00429156 
      4.3434044        0.048876       0.0023246      -0.0133515      0.00357629 
      4.3426545       0.0487568       0.0023246      -0.0128747      0.00387433 
      4.3419946       0.0486972      0.00160933      -0.0126958      0.00411275 
      4.3413407       0.0488164      0.00149012      -0.0124574      0.00405314 
      4.3405908       0.0487568       0.0023842      -0.0124574      0.00381473 
      4.3399309        0.048578      0.00327827      -0.0122786      0.00375511 
       4.339181        0.048578       0.0036955      -0.0119806      0.00405314 
      4.3385271        0.048578      0.00333787      -0.0120998      0.00494721 
      4.3377772       0.0488164      0.00256301       -0.012517      0.00536445 
      4.3370273       0.0491741      0.00166894      -0.0125766      0.00536445 
      4.3363734       0.0492933      0.00149012      -0.0126362      0.00518563 
      4.3356235       0.0491741      0.00178815      -0.0127555      0.00554326 
      4.3349636       0.0491741      0.00202657      -0.0128151      0.00554326 
      4.3342137       0.0494125      0.00154973      -0.0127555      0.00554326 
      4.3335598       0.0494721      0.00149012      -0.0124574      0.00524524 
      4.3329059       0.0494125      0.00190736       -0.011921       0.0047684 
       4.332246       0.0491741      0.00226499       -0.011921      0.00500682 
      4.3314961       0.0489953      0.00184775      -0.0120402      0.00494721 
      4.3308422       0.0490549       0.0012517      -0.0120402      0.00506642 
      4.3300923       0.0487568       0.0011325       -0.012219      0.00494721 
      4.3294324        0.048578      0.00101329      -0.0126362      0.00447038 
      4.3286825       0.0492933     0.000894073      -0.0128747      0.00464919 
      4.3280286       0.0500085     0.000774864      -0.0131727      0.00494721 
      4.3273747       0.0502469     0.000536445      -0.0136495      0.00458959 
      4.3266248       0.0501873     5.96051e-05      -0.0134111      0.00423196 
      4.3259649       0.0501277               0      -0.0129939      0.00393394 
       4.325215       0.0501873     0.000536445      -0.0129343      0.00423196 
      4.3244651       0.0500085     0.000655655      -0.0124574      0.00411275 
      4.3238112       0.0498893      0.00143052      -0.0123382      0.00387433 
      4.3231573       0.0500085      0.00208618       -0.012517      0.00375511 
      4.3224973        0.050545      0.00226499      -0.0122786      0.00309946 
      4.3217475       0.0507238      0.00214578      -0.0120402      0.00292064 
      4.3209976       0.0504258      0.00166894      -0.0121594       0.0036359 
      4.3203436        0.050545       0.0012517      -0.0120402      0.00387433 
      4.3196837       0.0507834      0.00101329      -0.0116826      0.00405314 
      4.3190298        0.050843       0.0011921      -0.0117422      0.00381473 
      4.3182799       0.0504258      0.00149012      -0.0114442      0.00381473 
        4.31753       0.0501873      0.00172854      -0.0110865      0.00399354 
      4.3168761       0.0502469      0.00202657      -0.0110269      0.00411275 
      4.3161262       0.0504258       0.0012517      -0.0115634      0.00447038 
      4.3153763       0.0503066     0.000715259      -0.0118018      0.00500682 
      4.3146265       0.0506046     0.000178815       -0.011623      0.00518563 
      4.3138766       0.0509622    -0.000774864      -0.0115634      0.00500682 
      4.3132166       0.0513198     -0.00107289      -0.0118018      0.00512603 
      4.3124668       0.0513794    -0.000834469      -0.0118018      0.00536445 
      4.3117169        0.051439     -0.00137091      -0.0114442      0.00554326 
       4.311063       0.0520351     -0.00190736      -0.0110865      0.00500682 
      4.3103131       0.0522139     -0.00220539      -0.0107885      0.00452998 
      4.3095632       0.0521543     -0.00214578      -0.0105501      0.00452998 
      4.3089093       0.0519159     -0.00196697      -0.0107885      0.00500682 
      4.3081594       0.0515583     -0.00214578      -0.0107885      0.00488761 
      4.3074995       0.0516775     -0.00268222      -0.0104309      0.00441077 
      4.3068455       0.0517967     -0.00333787      -0.0100136      0.00423196 
      4.3061856       0.0520947     -0.00351669     -0.00977522      0.00405314 
      4.3054357       0.0525715      -0.0036955     -0.00983482      0.00399354 
      4.3046858       0.0529292      -0.0036359      -0.0100136      0.00441077 
      4.3040319       0.0528696     -0.00333787     -0.00977522      0.00482801 
       4.303378       0.0525715     -0.00315906      -0.0095368      0.00524524 
      4.3026281       0.0528696     -0.00327827      -0.0095368      0.00536445 
      4.3019682       0.0530484     -0.00321867     -0.00977522      0.00500682 
      4.3012183       0.0532272     -0.00315906      -0.0101328      0.00452998 
      4.3004684       0.0532868      -0.0036955      -0.0103713      0.00494721 
      4.2997185       0.0532272     -0.00393394      -0.0106693      0.00536445 
      4.2990646       0.0535848     -0.00435117      -0.0109077      0.00548366 
      4.2983147       0.0541213     -0.00530484      -0.0111461      0.00536445 
      4.2975648       0.0556114     -0.00721219      -0.0112057      0.00584128 
      4.2969109       0.0585916     -0.00911957      -0.0112653      0.00679496 
       4.296251       0.0627046      -0.0121594      -0.0120402      0.00846392 
      4.2955971       0.0694399      -0.0174047      -0.0140071       0.0113249 
      4.2949372       0.0835066      -0.0219942      -0.0171663       0.0153781 
      4.2942833         0.10407      -0.0274183      -0.0216366       0.0199081 
      4.2936294        0.129105      -0.0378492       -0.027001       0.0242592 
      4.2929695        0.149609      -0.0544789      -0.0318887       0.0284911 
      4.2923156        0.161649      -0.0755792      -0.0358822        0.033498 
      4.2916617        0.165285      -0.0919704      -0.0386836       0.0390413 
      4.2910018        0.162185      -0.0998979      -0.0399949       0.0433328 
      4.2901619         0.15396       -0.103355      -0.0402334       0.0460746 
       4.289502         0.14329       -0.102044      -0.0389817       0.0467899 
      4.2888481        0.133694      -0.0973945      -0.0371935       0.0457766 
      4.2880982         0.12225      -0.0893478      -0.0342729       0.0424983 
      4.2873483        0.110448      -0.0788574       -0.030637       0.0374916 
      4.2866884       0.0994806      -0.0684266      -0.0267626       0.0324848 
      4.2860345       0.0896459        -0.05883      -0.0231267       0.0278355 
      4.2853806       0.0815992      -0.0509026      -0.0200869        0.023842 
      4.2847206       0.0748043      -0.0435712      -0.0171663       0.0204445 
      4.2840667       0.0700955      -0.0381472      -0.0152589       0.0180603 
      4.2834128       0.0668173      -0.0330808      -0.0140071       0.0165702 
      4.2826629       0.0641947      -0.0280739      -0.0131727       0.0153185 
       4.281913       0.0618105      -0.0231863      -0.0120998       0.0143648 
      4.2811631       0.0598433      -0.0199677      -0.0113249       0.0132919 
      4.2805032       0.0577571      -0.0177027      -0.0103713       0.0114442 
      4.2797533       0.0560286      -0.0156761     -0.00971562       0.0100732 
      4.2790994       0.0545385      -0.0140071     -0.00941759      0.00882155 
      4.2783495       0.0532272      -0.0129939     -0.00900036      0.00739101 
      4.2775996       0.0523927      -0.0112057     -0.00864273      0.00631812 
      4.2769397       0.0518563     -0.00935799     -0.00852352      0.00578168 
      4.2761898       0.0515583     -0.00774866     -0.00804669      0.00530484 
      4.2755359       0.0512602     -0.00661614     -0.00792748      0.00548366 
       4.274786        0.050843      -0.0060201     -0.00804669      0.00548366 
      4.2741321       0.0509026     -0.00584128     -0.00798708      0.00500682 
      4.2733822       0.0510218     -0.00596049     -0.00810629      0.00512603 
      4.2727223        0.051141     -0.00613931     -0.00834471      0.00524524 
      4.2719724       0.0512006      -0.0060797     -0.00786787      0.00494721 
      4.2713185       0.0509622     -0.00560287     -0.00768906      0.00482801 
      4.2706646       0.0507834     -0.00518563     -0.00756982       0.0047684 
      4.2699147       0.0509026     -0.00447038     -0.00751021      0.00500682 
      4.2692548        0.050843     -0.00458959     -0.00745061      0.00542405 
      4.2685049        0.050545     -0.00500682     -0.00721219      0.00584128 
       4.267851       0.0502469     -0.00464919      -0.0072718       0.0060201 
      4.2671911       0.0504258     -0.00447038     -0.00751021      0.00596049 
      4.2664412       0.0507238     -0.00417235     -0.00780827      0.00536445 
      4.2656913       0.0507238     -0.00417235      -0.0082851      0.00494721 
      4.2649414       0.0502469     -0.00411275      -0.0082851      0.00488761 
      4.2642875       0.0498893     -0.00375511     -0.00774866      0.00441077 
      4.2635376       0.0498297     -0.00345708     -0.00756982      0.00441077 
      4.2628837       0.0498297      -0.0036359     -0.00768906      0.00488761 
      4.2621338       0.0500681     -0.00387433     -0.00756982      0.00518563 
      4.2614739       0.0501277     -0.00333787     -0.00774866      0.00494721 
       4.260724       0.0499489     -0.00303985     -0.00780827       0.0047088 
      4.2600701       0.0497701     -0.00280143     -0.00792748      0.00512603 
      4.2594162       0.0494125     -0.00303985     -0.00786787      0.00512603 
      4.2586663       0.0494125     -0.00321867     -0.00780827      0.00536445 
      4.2580064       0.0495913     -0.00357629     -0.00756982      0.00536445 
      4.2572565       0.0494721     -0.00309946     -0.00745061      0.00542405 
      4.2566026       0.0492933      -0.0023246     -0.00745061      0.00530484 
      4.2558527       0.0489953     -0.00166894      -0.0073314      0.00536445 
      4.2551028       0.0489356      -0.0011325     -0.00697377      0.00524524 
      4.2544429       0.0491145    -0.000834469     -0.00721219      0.00464919 
       4.253693       0.0492933    -0.000655655     -0.00697377      0.00375511 
      4.2530391       0.0491741    -0.000536445     -0.00655654      0.00321867 
      4.2522892       0.0486376    -0.000417234     -0.00655654      0.00351669 
      4.2515393       0.0480416    -0.000476841     -0.00691417      0.00399354 
      4.2507894       0.0482204    -0.000715259     -0.00721219      0.00411275 
      4.2500395       0.0483396    -0.000715259     -0.00691417      0.00339748 
      4.2492896       0.0483396    -0.000834469     -0.00679496      0.00375511 
      4.2486357        0.048578      -0.0012517     -0.00673535      0.00435117 
      4.2478858       0.0489953      -0.0011921     -0.00685456       0.0047088 
      4.2472259       0.0490549    -0.000834469     -0.00685456      0.00536445 
       4.246476       0.0491145     -0.00143052     -0.00703338      0.00566247 
      4.2457261       0.0492933     -0.00190736     -0.00768906      0.00566247 
      4.2450722       0.0492933     -0.00172854     -0.00762945      0.00494721 
      4.2443223       0.0493529    -0.000834469     -0.00768906      0.00435117 
      4.2435724       0.0494721     5.96051e-05     -0.00756982      0.00399354 
      4.2428225       0.0498893     -0.00011921      -0.0072718      0.00375511 
      4.2421686       0.0495913               0     -0.00703338      0.00423196 
      4.2414187       0.0493529    -0.000178815     -0.00697377      0.00494721 
      4.2406688       0.0495913    -0.000536445     -0.00673535      0.00500682 
      4.2399189       0.0495913    -0.000178815     -0.00667575      0.00482801 
       4.239259       0.0494125     -0.00023842     -0.00685456      0.00482801 
      4.2385091       0.0495913    -0.000536445     -0.00667575      0.00458959 
      4.2378552       0.0498893    -0.000953682     -0.00685456      0.00423196 
      4.2371053       0.0500681    -0.000953682     -0.00739101      0.00417235 
      4.2364454       0.0496509    -0.000953682     -0.00774866      0.00411275 
      4.2356955       0.0493529    -0.000894073     -0.00786787      0.00488761 
      4.2350416       0.0495913    -0.000774864     -0.00780827      0.00554326 
      4.2342917       0.0501873      -0.0011325     -0.00792748      0.00536445 
      4.2336378       0.0503066     -0.00226499     -0.00780827       0.0047684 
      4.2328879       0.0501277      -0.0024438     -0.00780827      0.00458959 
       4.232138       0.0498893     -0.00220539     -0.00804669      0.00524524 
      4.2314781       0.0496509     -0.00190736     -0.00786787      0.00542405 
      4.2307282       0.0492933     -0.00160933     -0.00768906      0.00488761 
      4.2300743       0.0490549     -0.00131131     -0.00756982       0.0047684 
      4.2293244       0.0489953     -0.00160933     -0.00756982      0.00536445 
      4.2285745       0.0487568     -0.00178815     -0.00780827      0.00518563 
      4.2278246       0.0485184     -0.00137091     -0.00756982      0.00458959 
      4.2270747       0.0487568     -0.00166894     -0.00745061      0.00452998 
      4.2263248       0.0492933     -0.00154973     -0.00756982      0.00441077 
      4.2256709       0.0498297     -0.00190736     -0.00751021      0.00411275 
       4.224921       0.0499489     -0.00214578      -0.0072718      0.00405314 
      4.2242611       0.0498297     -0.00172854     -0.00745061       0.0036955 
      4.2235112       0.0498893     -0.00137091     -0.00739101      0.00327827 
      4.2228573       0.0500681     -0.00184775     -0.00745061      0.00357629 
      4.2221074       0.0502469      -0.0023246     -0.00715259      0.00405314 
      4.2213575       0.0503662     -0.00208618     -0.00697377       0.0047684 
      4.2206976       0.0504258     -0.00250341     -0.00691417      0.00542405 
      4.2199477       0.0507238     -0.00327827     -0.00691417      0.00542405 
      4.2192938        0.051141     -0.00309946     -0.00739101       0.0060201 
      4.2185439       0.0513794      -0.0024438     -0.00798708      0.00625852 
        4.21789       0.0513198     -0.00250341      -0.0082851      0.00637773 
      4.2171401       0.0512602     -0.00256301     -0.00810629      0.00637773 
      4.2164802       0.0510218     -0.00250341     -0.00768906      0.00631812 
      4.2157303       0.0510218     -0.00268222     -0.00739101      0.00637773 
      4.2150764       0.0510814     -0.00280143     -0.00756982      0.00619891 
      4.2144225        0.051439     -0.00250341     -0.00774866      0.00631812 
      4.2136726       0.0517371     -0.00226499     -0.00804669      0.00554326 
      4.2130127       0.0520947     -0.00250341     -0.00816589      0.00494721 
      4.2122628       0.0523927     -0.00280143     -0.00816589      0.00452998 
      4.2116089       0.0528099     -0.00298025     -0.00846392      0.00482801 
       4.210859       0.0530484     -0.00303985     -0.00864273      0.00536445 
      4.2101091       0.0529888     -0.00292064     -0.00852352      0.00619891 
      4.2094492       0.0530484     -0.00292064     -0.00810629      0.00667575 
      4.2086993       0.0530484     -0.00339748     -0.00780827      0.00649694 
      4.2080454       0.0531676     -0.00375511     -0.00810629      0.00631812 
      4.2072955       0.0532868     -0.00381473     -0.00834471      0.00572208 
      4.2066416       0.0535848     -0.00357629     -0.00852352      0.00536445 
      4.2059817       0.0535848     -0.00357629     -0.00894075      0.00578168 
      4.2052318       0.0539424     -0.00417235     -0.00935799      0.00596049 
      4.2044819       0.0544789     -0.00411275     -0.00917917      0.00584128 
       4.203828       0.0549557     -0.00405314     -0.00917917      0.00560287 
      4.2031741       0.0547173     -0.00393394     -0.00971562      0.00596049 
      4.2024242       0.0547173     -0.00375511     -0.00983482      0.00631812 
      4.2017643       0.0549557      -0.0036359      -0.0094772      0.00637773 
      4.2010144       0.0550153     -0.00327827     -0.00911957      0.00697377 
      4.2003605       0.0548961     -0.00327827     -0.00917917      0.00745061 
      4.1996106       0.0552537     -0.00351669     -0.00971562      0.00715259 
      4.1988607        0.055671     -0.00357629     -0.00989443      0.00643733 
      4.1982008       0.0559094     -0.00405314      -0.0100732      0.00596049 
      4.1975469       0.0559094     -0.00393394      -0.0102521      0.00613931 
       4.196797       0.0559094     -0.00357629      -0.0100136      0.00679496 
      4.1961431       0.0562074     -0.00333787      -0.0100732      0.00739101 
      4.1953932       0.0563266     -0.00250341      -0.0103117      0.00762945 
      4.1947333       0.0563862     -0.00184775      -0.0104309      0.00780827 
      4.1939834       0.0564458     -0.00166894      -0.0103713      0.00768906 
      4.1932335       0.0564458     -0.00149012      -0.0100136      0.00804669 
      4.1925796       0.0564458     -0.00184775     -0.00977522      0.00852352 
      4.1918297       0.0562074     -0.00262262     -0.00977522      0.00816589 
      4.1911758       0.0561478     -0.00315906     -0.00983482      0.00804669 
      4.1904259       0.0568035     -0.00292064      -0.0100136      0.00774866 
       4.189766       0.0570419      -0.0023246      -0.0101328      0.00762945 
      4.1890161       0.0562074     -0.00154973      -0.0103117      0.00768906 
      4.1882662       0.0559094     -0.00149012      -0.0103713      0.00804669 
      4.1876123       0.0561478     -0.00131131      -0.0104905      0.00768906 
      4.1867664       0.0564458      -0.0011921      -0.0107289      0.00756982 
      4.1860165       0.0568631     -0.00137091      -0.0109077      0.00816589 
      4.1853626       0.0566246    -0.000953682      -0.0104905       0.0082255 
      4.1846127       0.0565054    -0.000715259     -0.00995403       0.0073314 
      4.1838628        0.056267    -0.000715259     -0.00995403      0.00691417 
      4.1831129       0.0564458     -0.00035763     -0.00983482      0.00721219 
       4.182363       0.0565054    -0.000715259     -0.00971562      0.00751021 
      4.1817031       0.0563266    -0.000953682      -0.0101328      0.00780827 
      4.1810492       0.0559094    -0.000536445      -0.0106693      0.00804669 
      4.1802993        0.055671     -0.00011921      -0.0107885      0.00816589 
      4.1795494       0.0555518     -0.00011921      -0.0104309      0.00816589 
      4.1787995       0.0552537    -0.000476841      -0.0103117      0.00816589 
      4.1780496       0.0549557    -0.000536445      -0.0102521      0.00798708 
      4.1772997       0.0548961    -0.000715259      -0.0102521      0.00798708 
      4.1765498       0.0545385    -0.000476841      -0.0102521      0.00834471 
      4.1757999       0.0539424     0.000298025     -0.00983482      0.00840431 
       4.175146       0.0538232     0.000476841     -0.00935799      0.00876194 
      4.1743961        0.053704      0.00035763     -0.00917917      0.00858313 
      4.1736462        0.053406    -0.000178815     -0.00941759      0.00858313 
      4.1728963       0.0532868    -0.000655655     -0.00959641      0.00917917 
      4.1722364       0.0529888    -0.000655655     -0.00977522      0.00905996 
      4.1713965       0.0524523    -0.000417234      -0.0100136      0.00876194 
      4.1705507       0.0523331    -0.000178815     -0.00983482      0.00882155 
      4.1698008       0.0525715    -0.000178815     -0.00965601       0.0082851 
      4.1690509       0.0524523    -0.000298025      -0.0095368       0.0082255 
       4.168301       0.0525715    -0.000536445     -0.00995403      0.00846392 
      4.1676471       0.0523927     -0.00035763     -0.00971562      0.00852352 
      4.1668972       0.0520947               0     -0.00929838      0.00858313 
      4.1662373       0.0521543    -0.000417234     -0.00900036      0.00864273 
      4.1655834       0.0523927     -0.00035763     -0.00911957      0.00846392 
      4.1649295       0.0523927      0.00035763      -0.0095368      0.00864273 
      4.1641796       0.0519159     0.000774864     -0.00977522      0.00888115 
      4.1634297       0.0513794      0.00023842     -0.00929838      0.00870234 
      4.1626798       0.0513794    -0.000715259     -0.00917917      0.00852352 
      4.1620199       0.0510218     -0.00149012      -0.0094772      0.00864273 
       4.161366       0.0507834     -0.00214578      -0.0095368      0.00905996 
      4.1606161        0.050843     -0.00268222      -0.0094772      0.00959641 
      4.1599561       0.0510218      -0.0024438     -0.00917917      0.00935799 
      4.1592063       0.0507238     -0.00166894     -0.00894075      0.00858313 
      4.1585523        0.050545      -0.0012517     -0.00888115      0.00858313 
      4.1578025       0.0502469      -0.0011325     -0.00900036      0.00882155 
      4.1571485       0.0500085      -0.0011921     -0.00911957      0.00929838 
      4.1563986       0.0504854      -0.0012517     -0.00923878      0.00989443 
      4.1557387       0.0506046     -0.00172854     -0.00929838       0.0100732 
      4.1549888       0.0507238     -0.00178815     -0.00917917      0.00959641 
      4.1543349       0.0510218     -0.00143052     -0.00894075      0.00900036 
       4.153585        0.050843     -0.00184775     -0.00852352      0.00870234 
      4.1529311       0.0509622     -0.00208618     -0.00840431      0.00900036 
      4.1521812       0.0510814     -0.00220539     -0.00846392      0.00870234 
      4.1515213       0.0509622      -0.0023842     -0.00864273      0.00846392 
      4.1508674       0.0510218     -0.00220539     -0.00852352       0.0082851 
      
