> Measurement made Fri Aug 16 13:40:46 2024
> Main magnet sweep  0.00000 to  6.00000 Tesla at  5.999 mT/s 
> Hysteresis correction (approximate) has been applied. 
> Main Magnet at  0.00000 T 
> ITC set at    6.000 K, T1:   5.999 K, T2: 509.100 K, T3: 324.100 K 
> Sample Temperature could not be read directly 
> LockIn1:   1 mV, Mod Freq 41680.000000 Hz, Phase -1.420000 degr, Ampl. 0.150000 V
>  Tc 0.100000 seconds, Slope 18/oct, Dyn Res Normal .
> LockIn2:   1 mV, Mod Freq 41680.600000 Hz, Phase -2.970000 degr, Ampl. 0.010000 V
>  Tc 0.100000 seconds, Slope 18/oct, Dyn Res Normal .
> Modulation: 17.607880 mA 
> Source Freq 120 GHz (dial 15.00), LO Freq 115.8 GHz (dial 5250) 
> Martin Pupplet setting 7.0 mm, Attenuator Grid 25 dB
> Source attn 20 dB, Diode reading (-20dB) 0.5 mV
> Reference attn 10 dB, Diode reading (-30dB) 12 mV
Field  Signal1_X  Signal2_X    Signal1_Y   Signal2_Y    
T  mV mV mV mV 
-YMnS  on rotator rotated 18 degree from perp
Rotator Setting 030
6K 0-6T

>BEGIN
  
       
      4.1504697      -0.0259281       0.0104905       0.0180603       0.0322463 
      4.1511236       -0.026107       0.0103117       0.0175835       0.0320079 
      4.1518735       -0.026107       0.0100136       0.0168086       0.0318887 
      4.1526234      -0.0258089       0.0100136       0.0162722       0.0315907 
      4.1532773      -0.0256897       0.0104905       0.0166298       0.0314715 
      4.1539372      -0.0256301       0.0110865        0.017047       0.0319483 
      4.1545911      -0.0255705       0.0113845       0.0171066       0.0321271 
       4.155341      -0.0252129       0.0121594       0.0172259       0.0317099 
      4.1560009      -0.0250937       0.0124574       0.0174643       0.0316503 
      4.1566548      -0.0252129       0.0123382       0.0176431       0.0313523 
      4.1574047      -0.0253917       0.0120402       0.0181795       0.0308754 
      4.1580586      -0.0259281       0.0113845       0.0183583       0.0299813 
      4.1588085       -0.026107       0.0113249       0.0181199        0.029266 
      4.1594684      -0.0260473       0.0112057       0.0181795       0.0296236 
      4.1602183       -0.026107       0.0107289       0.0184776       0.0305178 
      4.1608722      -0.0260473       0.0103713       0.0184776       0.0307562 
      4.1615262      -0.0253321       0.0110269       0.0180603       0.0305774 
      4.1622761      -0.0252129        0.011623       0.0177623       0.0311735 
      4.1630259      -0.0252129       0.0120998       0.0173451       0.0318887 
      4.1636859      -0.0248553       0.0121594       0.0174047       0.0310543 
      4.1643398      -0.0246168        0.011921       0.0176431       0.0305774 
      4.1650897      -0.0244976       0.0121594       0.0181199       0.0303389 
      4.1658396      -0.0246764        0.012219       0.0180603       0.0301601 
      4.1664995      -0.0249745       0.0121594       0.0180603       0.0302793 
      4.1671534      -0.0251533       0.0120998       0.0179411       0.0303985 
      4.1679033      -0.0252129       0.0124574       0.0178815       0.0302793 
      4.1686532      -0.0248553       0.0129343       0.0181199       0.0305178 
      4.1693071      -0.0239016       0.0131727       0.0177027       0.0304581 
       4.169967      -0.0234843       0.0133515       0.0173451       0.0302793 
      4.1707169      -0.0237824       0.0134111       0.0169874       0.0299216 
      4.1714668      -0.0246764       0.0140071        0.016749       0.0297428 
      4.1721207       -0.024736       0.0145436       0.0166298       0.0293852 
      4.1727746      -0.0243188        0.014484       0.0168086       0.0296236 
      4.1735245      -0.0237824       0.0143052       0.0175239       0.0302197 
      4.1742744      -0.0230075       0.0136495       0.0177027       0.0308754 
      4.1749343      -0.0225307       0.0133515       0.0174643       0.0314119 
      4.1756842      -0.0226499       0.0130535       0.0175239       0.0319483 
      4.1763381      -0.0227691       0.0130535       0.0172855       0.0314715 
       4.177088      -0.0225903       0.0127555       0.0174643       0.0306966 
      4.1777479      -0.0224115       0.0129343       0.0174643        0.029862 
      4.1784018      -0.0222326       0.0128151       0.0169278        0.029266 
      4.1791517      -0.0219942       0.0135899       0.0165106       0.0298024 
      4.1798056      -0.0216366       0.0137091       0.0163914       0.0302793 
      4.1804655      -0.0212194       0.0129939        0.016749       0.0305774 
      4.1811194      -0.0212194       0.0118614       0.0173451       0.0302793 
      4.1817733      -0.0215174       0.0108481       0.0174643       0.0303389 
      4.1824332      -0.0218154       0.0103117       0.0171066       0.0304581 
      4.1831831      -0.0218154       0.0104309       0.0169874       0.0303389 
       4.183837      -0.0219346       0.0108481       0.0171066       0.0306966 
      4.1845869      -0.0220538       0.0109077       0.0172855       0.0307562 
      4.1852468       -0.021875       0.0110269       0.0169874       0.0306966 
      4.1859007      -0.0215174       0.0110865       0.0169278        0.030935 
      4.1866506      -0.0214578       0.0107885       0.0172259       0.0313523 
      4.1874005      -0.0214578       0.0106097       0.0175835       0.0315311 
      4.1880544      -0.0213386       0.0109077       0.0177623       0.0313523 
      4.1887143       -0.021279       0.0109077       0.0176431       0.0312927 
      4.1894642      -0.0213386       0.0104309       0.0175835       0.0311139 
      4.1902141      -0.0213386      0.00911957       0.0178219       0.0304581 
       4.190868      -0.0214578      0.00864273       0.0180007       0.0304581 
      4.1915219      -0.0215174      0.00864273       0.0180603        0.029862 
      4.1921819       -0.021577      0.00858313       0.0178219       0.0298024 
      4.1928358      -0.0216366      0.00858313       0.0178219       0.0300409 
      4.1935857       -0.021279      0.00846392       0.0178815        0.029862 
      4.1942456      -0.0209213      0.00804669       0.0178815       0.0299216 
      4.1949955      -0.0208617      0.00768906       0.0182987       0.0297428 
      4.1956494      -0.0209213      0.00774866       0.0184776       0.0296236 
      4.1963033      -0.0211002       0.0082255        0.018418       0.0296236 
      4.1969632      -0.0214578      0.00858313        0.018418       0.0295044 
      4.1976171      -0.0219346      0.00911957       0.0180007        0.029266 
       4.198271       -0.022173      0.00882155       0.0177027       0.0289084 
      4.1989309       -0.022173      0.00834471       0.0178219       0.0287892 
      4.1995848      -0.0221134      0.00798708       0.0182391       0.0291468 
      4.2003347       -0.022173      0.00762945       0.0180603       0.0296236 
      4.2010846      -0.0223519      0.00739101       0.0177623        0.029564 
      4.2017445      -0.0228883      0.00762945       0.0177027       0.0299813 
      4.2023984      -0.0230671      0.00774866       0.0173451       0.0304581 
      4.2031483      -0.0230075      0.00762945       0.0173451        0.030637 
      4.2038982      -0.0230075      0.00691417       0.0179411       0.0305178 
      4.2045521      -0.0236036      0.00661614       0.0184776        0.030637 
       4.205302      -0.0239016      0.00637773       0.0189544       0.0307562 
      4.2059619      -0.0239016      0.00643733       0.0192524       0.0305178 
      4.2068018      -0.0239016      0.00691417       0.0191332       0.0303389 
      4.2074617      -0.0240804      0.00709298       0.0192524       0.0305178 
      4.2082116      -0.0241996      0.00697377        0.019312       0.0303985 
      4.2088655       -0.023842      0.00697377       0.0192524       0.0303389 
      4.2096154       -0.023544      0.00697377        0.019014        0.030637 
      4.2102693      -0.0240208      0.00709298       0.0188948       0.0307562 
      4.2110192      -0.0244976      0.00691417       0.0187756       0.0302197 
      4.2116791      -0.0246168      0.00679496       0.0184776       0.0305774 
       4.212333      -0.0241996      0.00697377       0.0182987       0.0308158 
      4.2130829      -0.0240208      0.00685456       0.0186564       0.0303389 
      4.2137428      -0.0239016      0.00631812       0.0188948       0.0296832 
      4.2143967      -0.0240208       0.0060797       0.0190736       0.0299813 
      4.2150506      -0.0243784      0.00619891       0.0186564       0.0303389 
      4.2157106       -0.024736      0.00560287       0.0180007        0.030637 
      4.2163645      -0.0250341      0.00524524       0.0178815       0.0303985 
      4.2170184      -0.0253321      0.00494721       0.0172855       0.0296832 
      4.2177683      -0.0253321      0.00488761       0.0174643       0.0296832 
      4.2185182      -0.0255705      0.00506642       0.0180603       0.0301601 
      4.2191781      -0.0258685      0.00542405       0.0185372       0.0307562 
       4.219928      -0.0257493      0.00500682       0.0188948       0.0312331 
      4.2205819      -0.0254513      0.00441077       0.0191332       0.0313523 
      4.2212418      -0.0249149      0.00435117       0.0197889       0.0311735 
      4.2219917      -0.0249745      0.00488761       0.0200869       0.0306966 
      4.2226456      -0.0254513      0.00488761       0.0198485       0.0307562 
      4.2233955      -0.0256897      0.00500682       0.0194312        0.030935 
      4.2241454      -0.0255705      0.00512603       0.0189544       0.0308754 
      4.2247993      -0.0253917      0.00572208       0.0186564       0.0305774 
      4.2254592      -0.0253321      0.00619891       0.0182987        0.030637 
      4.2262091      -0.0257493      0.00625852       0.0181795       0.0308158 
       4.226959      -0.0258089      0.00524524       0.0183583       0.0307562 
      4.2276129      -0.0255705      0.00512603        0.018716       0.0304581 
      4.2282668      -0.0257493      0.00542405       0.0188948       0.0300409 
      4.2290167       -0.026107      0.00488761       0.0191332       0.0299216 
      4.2297666       -0.026107      0.00423196        0.019312       0.0305178 
      4.2305165      -0.0259877      0.00452998       0.0190736       0.0314715 
      4.2311764      -0.0260473      0.00488761       0.0191332       0.0315311 
      4.2318303      -0.0262262      0.00500682       0.0191928       0.0311735 
      4.2325802      -0.0262858      0.00458959        0.019312       0.0313523 
      4.2332401      -0.0261666       0.0047088       0.0191928       0.0313523 
        4.23399      -0.0258685      0.00524524        0.019312       0.0312927 
      4.2346439      -0.0258089      0.00530484       0.0197293       0.0309946 
      4.2352978      -0.0256897      0.00524524       0.0198485       0.0310543 
      4.2359577      -0.0256897      0.00500682       0.0195504       0.0311735 
      4.2367076      -0.0259877       0.0047088       0.0194312       0.0311139 
      4.2374575      -0.0261666      0.00429156       0.0197889       0.0308158 
      4.2382074      -0.0263454      0.00345708       0.0199677       0.0302793 
      4.2388613      -0.0265838      0.00321867       0.0197889       0.0299813 
      4.2395152      -0.0266434      0.00339748       0.0194908       0.0297428 
      4.2402651      -0.0264646      0.00345708       0.0192524       0.0296236 
       4.240925      -0.0267626      0.00357629        0.019312       0.0296236 
      4.2415789      -0.0272394      0.00357629       0.0194908        0.029862 
      4.2423288      -0.0275375      0.00327827       0.0197293       0.0301601 
      4.2429887      -0.0271798      0.00309946       0.0196696       0.0302197 
      4.2436426      -0.0268222      0.00292064       0.0197889       0.0305178 
      4.2442965      -0.0267626      0.00298025       0.0199081       0.0307562 
      4.2449565      -0.0272394      0.00274183       0.0200869       0.0304581 
      4.2457063      -0.0273586      0.00256301       0.0200273       0.0306966 
      4.2463603      -0.0271202      0.00220539       0.0198485       0.0312927 
      4.2470142      -0.0265838       0.0023842       0.0197293       0.0313523 
      4.2477641       -0.027001      0.00268222       0.0199081       0.0312927 
       4.248514      -0.0274779      0.00321867       0.0203849       0.0312927 
      4.2491739      -0.0277163      0.00339748       0.0199677       0.0315907 
      4.2499238      -0.0275375      0.00351669       0.0194908       0.0317099 
      4.2505777       -0.027001      0.00351669        0.019312       0.0318887 
      4.2513276       -0.026405      0.00309946       0.0192524       0.0316503 
      4.2519875      -0.0263454      0.00333787       0.0191332       0.0312331 
      4.2527374      -0.0264646      0.00309946       0.0189544       0.0303389 
      4.2534873      -0.0262858       0.0023842       0.0191928       0.0299813 
      4.2541412      -0.0262858      0.00196697       0.0192524       0.0299813 
      4.2547951      -0.0262262      0.00220539       0.0192524       0.0302197 
       4.255455      -0.0260473      0.00226499       0.0192524       0.0303389 
      4.2562049      -0.0260473      0.00190736       0.0191928       0.0301005 
      4.2569548      -0.0260473      0.00154973        0.019014       0.0301005 
      4.2576087      -0.0258685     0.000655655        0.019312       0.0299813 
      4.2582626      -0.0258089    -0.000178815       0.0199081       0.0297428 
      4.2590125       -0.026405     0.000178815       0.0203253       0.0293852 
      4.2597624      -0.0268222     0.000655655       0.0203253       0.0297428 
      4.2604223      -0.0268222               0       0.0197889       0.0298024 
      4.2610762      -0.0268818    -0.000298025       0.0194908       0.0301601 
      4.2619221      -0.0268818    -0.000536445       0.0197293       0.0302197 
       4.262672      -0.0268222    -0.000894073         0.01961       0.0302197 
      4.2634219      -0.0269414    -0.000774864       0.0196696       0.0299813 
      4.2641718      -0.0263454    -0.000476841       0.0195504       0.0296236 
      4.2648257      -0.0253321     -0.00184775       0.0190736       0.0296236 
      4.2655756      -0.0252725     -0.00339748        0.018716       0.0300409 
      4.2663255      -0.0255109      -0.0047088       0.0184776       0.0299216 
      4.2669854      -0.0259877     -0.00530484        0.018418       0.0294448 
      4.2676393      -0.0258089     -0.00596049       0.0182987       0.0297428 
      4.2683892      -0.0259281     -0.00697377        0.018418       0.0307562 
      4.2691391       -0.026405      -0.0072718       0.0187756       0.0318887 
       4.269793      -0.0264646      -0.0082851       0.0186564        0.032604 
      4.2704529      -0.0267626     -0.00900036        0.018418       0.0327232 
      4.2712028      -0.0271202      -0.0102521       0.0181199       0.0324848 
      4.2718567      -0.0273586      -0.0117422       0.0177623       0.0333192 
      4.2725106      -0.0275375      -0.0123382       0.0175835       0.0337961 
      4.2732605      -0.0251533      -0.0131131       0.0172259       0.0343921 
      4.2740104       -0.021577      -0.0156761       0.0159742       0.0353458 
      4.2747603      -0.0176431      -0.0195504       0.0147224       0.0368359 
      4.2755102      -0.0129343      -0.0236036       0.0136495       0.0387433 
      4.2761701     -0.00756982      -0.0291468        0.011921       0.0409486 
        4.27692    -0.000774864      -0.0351074      0.00977522       0.0441077 
      4.2775739      0.00745061      -0.0414851       0.0072718       0.0473859 
      4.2783238       0.0174643      -0.0494125      0.00387433       0.0506046 
      4.2789837       0.0272394      -0.0572207     0.000298025       0.0536444 
      4.2796376       0.0365975      -0.0633006     -0.00345708       0.0565054 
      4.2803875       0.0479224      -0.0675325     -0.00774866       0.0588896 
      4.2810414       0.0627046      -0.0712876      -0.0126362       0.0605586 
      4.2817913        0.081182      -0.0756984      -0.0183583       0.0628834 
      4.2824512        0.102818      -0.0814204      -0.0246168       0.0647311 
      4.2832011        0.117124      -0.0832682      -0.0284911       0.0642543 
       4.283855        0.110567      -0.0733142      -0.0254513       0.0596645 
      4.2845089       0.0849371      -0.0544789       -0.016451       0.0526907 
      4.2852588       0.0538232       -0.034869     -0.00613931       0.0457766 
      4.2859187       0.0260473      -0.0196696      0.00286104       0.0395777 
      4.2865726      0.00798708      -0.0114442      0.00846392       0.0359418 
      4.2873225     -0.00286104     -0.00655654       0.0116826       0.0333192 
      4.2880724      -0.0101925     -0.00333787       0.0136495       0.0314119 
      4.2888223      -0.0145436     -0.00208618       0.0150204       0.0308754 
      4.2894822      -0.0171663     -0.00166894       0.0159146       0.0305774 
      4.2901361       -0.018716     -0.00178815        0.016749       0.0300409 
       4.290886      -0.0202061     -0.00131131       0.0168086       0.0291468 
      4.2916359      -0.0204445     -0.00023842       0.0166298       0.0290276 
      4.2922898      -0.0194908     -0.00023842        0.016451       0.0296236 
      4.2931357      -0.0192524     -0.00107289       0.0160934        0.029564 
      4.2937896      -0.0197293     -0.00166894       0.0159146       0.0291468 
      4.2944495      -0.0199677     -0.00160933       0.0160934       0.0293852 
      4.2951994      -0.0205637     -0.00154973        0.016153       0.0295044 
      4.2958533      -0.0209213     -0.00166894        0.016451       0.0291468 
      4.2966032       -0.021279     -0.00172854       0.0168086       0.0287892 
      4.2972571      -0.0218154     -0.00166894       0.0169278       0.0282527 
       4.297917      -0.0222326     -0.00149012        0.016749       0.0284911 
      4.2985709      -0.0224711     -0.00059605       0.0165106       0.0296236 
      4.2993208      -0.0228883      0.00035763       0.0163914       0.0301005 
      4.2999807      -0.0237824      0.00184775       0.0166894       0.0297428 
      4.3006346      -0.0232459      0.00280143       0.0169278       0.0289084 
      4.3012885      -0.0217558      0.00190736        0.016451       0.0279547 
      4.3019485      -0.0213386     0.000476841       0.0159742       0.0274183 
      4.3026024       -0.021875               0       0.0157357        0.027299 
      4.3032563      -0.0225903      0.00011921       0.0151992       0.0274183 
      4.3040062      -0.0230671    -5.96051e-05       0.0151992       0.0276567 
      4.3046661      -0.0236036     -0.00023842       0.0153781       0.0278951 
        4.30532      -0.0236036     -0.00011921       0.0155569       0.0280739 
      4.3060699      -0.0236632     0.000178815       0.0160934         0.02867 
      4.3068198      -0.0237228       0.0012517       0.0165106       0.0287296 
      4.3074797       -0.023842      0.00172854        0.016451       0.0284911 
      4.3081336       -0.024438       0.0011921       0.0162126       0.0283719 
      4.3087875      -0.0253321     0.000894073       0.0165106       0.0283123 
      4.3094474      -0.0254513      0.00172854       0.0165702       0.0282527 
      4.3101013      -0.0242592      0.00208618       0.0165702       0.0281335 
      4.3108512      -0.0229479       0.0011325       0.0166894       0.0281931 
      4.3115051      -0.0224711     0.000774864        0.016749       0.0279547 
       4.312165      -0.0224115     0.000715259       0.0168086       0.0279547 
      4.3128189      -0.0224711     0.000476841       0.0162126       0.0280739 
      4.3134788       -0.022173     0.000178815       0.0159146       0.0278355 
      4.3141327       -0.022173      0.00059605        0.015855        0.027299 
      4.3148826       -0.022173      0.00172854       0.0162126       0.0268222 
      4.3156325      -0.0221134       0.0023246       0.0162126       0.0263454 
      4.3162864      -0.0216962      0.00274183       0.0160934        0.026107 
      4.3170363      -0.0215174      0.00315906        0.016153        0.026703 
      4.3176962       -0.021279      0.00339748       0.0160934       0.0275375 
      4.3184461      -0.0207425      0.00351669       0.0159146       0.0279547 
         4.3191      -0.0203849      0.00357629       0.0166298       0.0280143 
       4.319754      -0.0201465      0.00357629       0.0165702       0.0277163 
      4.3205039      -0.0202657      0.00327827        0.015855       0.0271798 
      4.3212537      -0.0206233      0.00298025       0.0157953       0.0272394 
      4.3219137      -0.0211002      0.00292064       0.0160338       0.0277163 
      4.3225676      -0.0214578      0.00327827       0.0160934       0.0275971 
      4.3232275      -0.0214578      0.00327827        0.015855       0.0269414 
      4.3238814      -0.0217558      0.00339748       0.0156165       0.0263454 
      4.3245353      -0.0221134      0.00345708       0.0153781        0.026107 
      4.3251952       -0.021875      0.00345708       0.0154973       0.0260473 
      4.3258491       -0.021577      0.00321867        0.015855       0.0259877 
       4.326695      -0.0215174       0.0036359       0.0155569       0.0262858 
      4.3273489      -0.0214578       0.0036359       0.0153781       0.0263454 
      4.3280028      -0.0215174      0.00345708        0.015855       0.0268222 
      4.3286627      -0.0215174       0.0036955       0.0163318       0.0271202 
      4.3293166      -0.0216366      0.00423196       0.0163318       0.0273586 
      4.3300665      -0.0216366      0.00452998        0.015855        0.027299 
      4.3308164      -0.0215174      0.00429156       0.0151396       0.0269414 
      4.3314763      -0.0215174      0.00417235       0.0153185       0.0265838 
      4.3322262      -0.0218154      0.00441077       0.0156165       0.0268222 
      4.3329761      -0.0219346      0.00494721       0.0156761       0.0272394 
       4.333726      -0.0219346      0.00506642       0.0154377       0.0275375 
      4.3343799      -0.0222326      0.00518563       0.0151396       0.0265838 
      4.3351298      -0.0222326      0.00536445       0.0146628       0.0264646 
      4.3357837       -0.021875      0.00494721       0.0143052       0.0272394 
      4.3364436      -0.0217558      0.00506642       0.0145436       0.0275971 
      4.3370975      -0.0219346      0.00494721       0.0147224       0.0271202 
      4.3379434       -0.022173      0.00429156       0.0149608       0.0268222 
      4.3385973      -0.0224711      0.00441077       0.0149608       0.0266434 
      4.3392512      -0.0225307      0.00512603       0.0146628       0.0265242 
      4.3400011      -0.0220538      0.00590089        0.014484       0.0266434 
       4.340751      -0.0215174       0.0060797       0.0144244       0.0269414 
      4.3414109      -0.0216962      0.00584128       0.0147224       0.0274779 
      4.3420648      -0.0218154      0.00548366       0.0155569       0.0278355 
      4.3428147      -0.0218154      0.00524524       0.0160934       0.0279547 
      4.3435646       -0.021577      0.00518563        0.015855       0.0278355 
      4.3442245      -0.0211002      0.00500682       0.0156165       0.0276567 
      4.3448784      -0.0212194      0.00494721       0.0154973       0.0274779 
      4.3456283       -0.021875      0.00518563       0.0153781       0.0268818 
      4.3462822       -0.021875      0.00554326       0.0154973       0.0262858 
      4.3469421      -0.0217558      0.00584128       0.0157357       0.0262858 
      4.3475961      -0.0218154      0.00560287       0.0155569       0.0264646 
        4.34825      -0.0216366      0.00536445       0.0153185        0.026405 
      4.3489099      -0.0217558      0.00560287         0.01508       0.0269414 
      4.3496598      -0.0218154      0.00578168       0.0153185       0.0277163 
      4.3503137      -0.0212194       0.0060797       0.0156165       0.0283123 
      4.3510636      -0.0212194       0.0060201       0.0156761       0.0287296 
      4.3517235      -0.0216962      0.00566247       0.0156165       0.0288488 
      4.3523774      -0.0218154      0.00536445       0.0156165       0.0285507 
      4.3531273      -0.0217558      0.00572208       0.0159742       0.0281931 
      4.3538772      -0.0214578       0.0060797       0.0159742       0.0276567 
      4.3545311      -0.0216366      0.00584128       0.0157953       0.0275971 
       4.355191      -0.0218154      0.00542405       0.0154973        0.027299 
      4.3559409      -0.0217558      0.00536445       0.0151992       0.0271798 
      4.3565948      -0.0220538      0.00512603       0.0153185       0.0272394 
      4.3572487      -0.0218154      0.00464919       0.0153781       0.0275971 
      4.3579086       -0.021577      0.00452998       0.0153781       0.0274183 
      4.3585625      -0.0216962      0.00524524       0.0154377       0.0277163 
      4.3592224       -0.021875      0.00572208       0.0156165       0.0275971 
      4.3598763      -0.0221134      0.00584128       0.0154973       0.0275971 
      4.3606262      -0.0217558      0.00637773       0.0151992       0.0281335 
      4.3613761      -0.0214578      0.00631812       0.0152589       0.0283719 
        4.36203       -0.021577       0.0060797       0.0153781       0.0279547 
      4.3626899      -0.0220538      0.00655654       0.0151396       0.0275971 
      4.3633438      -0.0221134      0.00655654       0.0152589       0.0281335 
      4.3640937      -0.0217558      0.00619891         0.01508       0.0289084 
      4.3647476      -0.0217558      0.00649694       0.0150204       0.0286103 
      4.3654076      -0.0216366      0.00715259       0.0149012       0.0278951 
      4.3661574      -0.0214578      0.00745061       0.0149012       0.0271202 
      4.3668114       -0.021875      0.00655654       0.0151396       0.0271202 
      4.3675613      -0.0220538      0.00530484       0.0154377       0.0277163 
      4.3682212      -0.0219346      0.00560287       0.0155569       0.0283123 
      4.3689711      -0.0215174      0.00590089       0.0151992       0.0287296 
       4.369625       -0.021279      0.00584128         0.01508       0.0290276 
      4.3702789      -0.0208021      0.00566247       0.0153781       0.0287296 
      4.3709388      -0.0207425       0.0060797       0.0153185       0.0281931 
      4.3715927      -0.0208021      0.00709298       0.0151396       0.0275375 
      4.3722466      -0.0212194       0.0072718       0.0147224       0.0268818 
      4.3729965      -0.0214578      0.00739101        0.014782        0.026703 
      4.3736564      -0.0212194      0.00745061       0.0147224       0.0274183 
      4.3743103      -0.0211002      0.00709298       0.0150204       0.0279547 
      4.3749702      -0.0207425      0.00655654       0.0153185       0.0281931 
      4.3757201      -0.0202657      0.00661614       0.0157357       0.0286103 
       4.376374      -0.0201465      0.00709298       0.0157953       0.0289084 
      4.3770279      -0.0202061      0.00780827       0.0156165       0.0287296 
      4.3776878      -0.0202061      0.00780827       0.0153185       0.0287296 
      4.3783417      -0.0202061       0.0072718       0.0153185       0.0292064 
      4.3789956      -0.0204445       0.0072718       0.0153185       0.0291468 
      4.3797455      -0.0207425      0.00721219         0.01508       0.0290872 
      4.3804054      -0.0208617      0.00697377       0.0151396       0.0287892 
      4.3810594       -0.020981      0.00679496       0.0153781       0.0281931 
      4.3818093      -0.0208021      0.00667575         0.01508       0.0275971 
      4.3825591      -0.0211598      0.00697377       0.0146628       0.0280739 
      4.3832191      -0.0211002      0.00739101       0.0147224       0.0287296 
      4.3839689      -0.0207425      0.00709298       0.0151396        0.028968 
      4.3846229      -0.0203849      0.00667575       0.0156761       0.0287296 
      4.3853728      -0.0199677      0.00667575       0.0157953       0.0284315 
      4.3860267      -0.0201465      0.00631812       0.0163318       0.0283123 
      4.3867766      -0.0209213      0.00619891       0.0166298       0.0290276 
      4.3874365      -0.0212194       0.0060201       0.0162722       0.0290872 
      4.3881864      -0.0211002      0.00631812       0.0156761       0.0289084 
      4.3888403      -0.0209213      0.00637773       0.0155569       0.0293852 
      4.3895902      -0.0209213      0.00667575       0.0153185       0.0296832 
      4.3902441      -0.0206829      0.00715259       0.0151396       0.0296236 
       4.390994      -0.0205041      0.00691417       0.0149608       0.0293852 
      4.3917439      -0.0202061      0.00697377       0.0147224       0.0293256 
      4.3924038      -0.0196696      0.00715259       0.0143052       0.0296832 
      4.3930577       -0.019312      0.00756982       0.0140071       0.0300409 
      4.3938076      -0.0192524      0.00768906       0.0146032        0.029564 
      4.3944675      -0.0193716      0.00715259       0.0152589       0.0289084 
      4.3952174      -0.0198485      0.00667575       0.0154973       0.0289084 
      4.3958713      -0.0202061      0.00673535       0.0160934       0.0290872 
      4.3966212      -0.0203849      0.00739101       0.0166298        0.028968 
      4.3973711      -0.0203253      0.00762945       0.0166298       0.0287296 
       4.398025      -0.0205041      0.00745061       0.0165106       0.0280739 
      4.3987749      -0.0205041      0.00745061       0.0159146       0.0278951 
      4.3994348      -0.0204445      0.00745061       0.0157357       0.0287296 
      4.4000887      -0.0206829      0.00756982       0.0159146       0.0294448 
      4.4007426       -0.020981      0.00756982       0.0159146       0.0295044 
      4.4014925       -0.020981      0.00774866       0.0153781       0.0289084 
      4.4022424      -0.0206233      0.00762945       0.0154377        0.029266 
      4.4029023      -0.0202657      0.00721219       0.0155569        0.029862 
      4.4035562      -0.0197889      0.00709298       0.0155569       0.0301601 
      4.4043061      -0.0197889      0.00751021       0.0154377        0.029862 
       4.404966      -0.0202061      0.00792748       0.0152589       0.0293852 
      4.4056199      -0.0201465      0.00798708       0.0151992       0.0290872 
      4.4063698      -0.0199081       0.0082255       0.0152589       0.0287892 
      4.4070237      -0.0199081      0.00864273         0.01508       0.0292064 
      4.4077736        -0.01961      0.00923878       0.0152589        0.029862 
      4.4084335      -0.0198485      0.00888115       0.0156761       0.0299813 
      4.4090874      -0.0205637      0.00846392       0.0157953       0.0291468 
      4.4098373      -0.0206233       0.0082255       0.0151396       0.0287892 
      4.4105872      -0.0199081      0.00870234       0.0149608       0.0293256 
      4.4112411      -0.0195504      0.00888115       0.0154377       0.0296832 
       4.411991        -0.01961      0.00911957       0.0155569        0.029862 
      4.4126509      -0.0196696      0.00870234       0.0151396       0.0296832 
      4.4133048      -0.0197889      0.00798708       0.0143648        0.029862 
      4.4140547      -0.0197889      0.00756982       0.0138879        0.029564 
      4.4148046      -0.0197889      0.00739101       0.0139475        0.029862 
      4.4154645        -0.01961      0.00780827       0.0142456       0.0300409 
      4.4161184        -0.01961       0.0082851       0.0147224       0.0302197 
      4.4168683      -0.0199677       0.0082255       0.0149608       0.0299216 
      4.4176182      -0.0200869      0.00774866       0.0154973       0.0298024 
      4.4182721      -0.0204445       0.0072718       0.0154377       0.0297428 
       4.418932      -0.0203849      0.00739101       0.0153781       0.0302197 
      4.4196819      -0.0201465      0.00697377       0.0159146       0.0304581 
      4.4203358      -0.0200869      0.00715259       0.0160934       0.0301601 
      4.4209898      -0.0203253       0.0073314        0.015855       0.0302197 
      4.4217396      -0.0200273      0.00739101       0.0157953       0.0304581 
      4.4224895      -0.0198485      0.00762945       0.0154973       0.0297428 
      4.4231495      -0.0196696      0.00798708       0.0153185       0.0293256 
      4.4238993      -0.0196696      0.00846392       0.0153185       0.0292064 
      4.4246492      -0.0197293      0.00834471       0.0153185       0.0296832 
      4.4253031      -0.0195504      0.00816589       0.0152589       0.0301005 
       4.426053        -0.01961      0.00774866       0.0154973       0.0305178 
       4.426713      -0.0202657      0.00751021       0.0151992       0.0304581 
      4.4274628      -0.0201465      0.00756982       0.0152589       0.0299216 
      4.4281168      -0.0197293      0.00768906         0.01508       0.0293256 
      4.4288666      -0.0194908      0.00792748       0.0151396       0.0294448 
      4.4295206      -0.0193716      0.00858313       0.0156165       0.0301005 
      4.4301805      -0.0195504      0.00911957       0.0156761       0.0303389 
      4.4309304      -0.0197889      0.00929838       0.0151396       0.0302793 
      4.4316803      -0.0201465      0.00882155       0.0151396       0.0304581 
      4.4324301      -0.0202061      0.00870234       0.0149608        0.029862 
      4.4330841      -0.0202061      0.00846392       0.0149608       0.0293852 
       4.433738      -0.0201465      0.00846392       0.0149608        0.029564 
      4.4343979      -0.0201465      0.00905996       0.0149012       0.0301601 
      4.4350518      -0.0200869      0.00905996       0.0153781       0.0308158 
      4.4357117      -0.0197889      0.00905996       0.0153781       0.0308158 
      4.4364616      -0.0194312      0.00935799       0.0152589       0.0301601 
      4.4371155      -0.0195504      0.00977522       0.0149608        0.029862 
      4.4377694      -0.0199081      0.00995403       0.0147224       0.0299216 
      4.4384293      -0.0200869      0.00971562       0.0146032       0.0299813 
      4.4391792      -0.0197889      0.00971562       0.0143648       0.0301601 
      4.4399291      -0.0193716      0.00977522       0.0145436       0.0308158 
       4.440583      -0.0195504      0.00977522       0.0149012       0.0310543 
      4.4412369      -0.0196696      0.00941759       0.0148416       0.0307562 
      4.4419868      -0.0197889      0.00917917       0.0146628       0.0304581 
      4.4426467      -0.0198485      0.00900036       0.0148416       0.0305178 
      4.4433006      -0.0197889      0.00905996         0.01508       0.0303389 
      4.4440505      -0.0192524      0.00941759       0.0154973       0.0300409 
      4.4447104      -0.0189544      0.00971562       0.0155569        0.029862 
      4.4453643      -0.0187756      0.00983482         0.01508       0.0301601 
      4.4461142      -0.0188352       0.0101328       0.0145436       0.0305774 
      4.4468641      -0.0190736      0.00977522       0.0146032       0.0305178 
       4.447614      -0.0192524      0.00929838       0.0147224       0.0299813 
      4.4482679       -0.019312      0.00917917       0.0151396       0.0296236 
      4.4490178      -0.0191332      0.00923878       0.0156761       0.0296832 
      4.4496777      -0.0192524      0.00900036       0.0159146       0.0296832 
      4.4503316      -0.0199677      0.00858313       0.0160934       0.0297428 
      4.4509855      -0.0202657       0.0082851       0.0154973       0.0301601 
      4.4517354      -0.0201465      0.00846392       0.0150204       0.0305774 
      4.4523953      -0.0197293      0.00917917       0.0148416       0.0304581 
      4.4530493      -0.0194908      0.00941759       0.0146628       0.0302793 
      4.4537092      -0.0191928      0.00929838       0.0146032       0.0304581 
      4.4543631      -0.0186564      0.00923878       0.0146032       0.0299813 
       4.455017      -0.0180007      0.00941759        0.014782       0.0296236 
      4.4556769      -0.0179411      0.00900036       0.0148416        0.029266 
      4.4563308      -0.0185968      0.00876194         0.01508       0.0292064 
      4.4569847      -0.0189544      0.00917917       0.0149608       0.0294448 
      4.4577346      -0.0186564      0.00911957       0.0152589       0.0297428 
      4.4584845      -0.0188352      0.00852352       0.0150204       0.0300409 
      4.4591444      -0.0194908      0.00780827       0.0144244       0.0302793 
      4.4598943      -0.0197889      0.00756982       0.0143648       0.0299813 
      4.4605482      -0.0194312      0.00816589       0.0140668       0.0302793 
      4.4612981       -0.019014      0.00894075        0.014186       0.0300409 
       4.461958       -0.019014       0.0094772        0.014186       0.0302197 
      4.4626119      -0.0191332      0.00959641       0.0141264       0.0301601 
      4.4633618      -0.0185372      0.00989443       0.0144244       0.0303985 
      4.4641117      -0.0182391       0.0100136       0.0148416       0.0305774 
      4.4647656      -0.0184776      0.00929838       0.0147224       0.0303985 
      4.4654255      -0.0188352      0.00911957       0.0142456       0.0299813 
      4.4661754      -0.0189544       0.0094772       0.0140071       0.0294448 
      4.4669253      -0.0188352      0.00977522       0.0139475        0.029266 
      4.4675792       -0.018716      0.00971562       0.0140071       0.0296832 
      4.4683291       -0.019014      0.00989443       0.0140071        0.029862 
       4.468983      -0.0191928      0.00989443       0.0137091       0.0301601 
      4.4697329      -0.0194312      0.00971562       0.0140668       0.0311139 
      4.4703928       -0.019312      0.00959641       0.0145436       0.0319483 
      4.4711427      -0.0190736      0.00900036       0.0147224       0.0311139 
      4.4717966       -0.019014      0.00870234       0.0146628       0.0303985 
      4.4725465      -0.0186564      0.00858313       0.0147224       0.0301601 
      4.4732064       -0.018418      0.00882155       0.0146628       0.0304581 
      4.4738603      -0.0185372      0.00905996       0.0148416       0.0302793 
      4.4746102      -0.0186564      0.00917917       0.0149608       0.0293256 
      4.4752641      -0.0188352      0.00905996         0.01508       0.0290276 
       4.476014       -0.018716      0.00882155       0.0153781        0.029564 
      4.4766739      -0.0187756       0.0082851       0.0153185       0.0301005 
      4.4774238      -0.0189544      0.00786787       0.0152589       0.0302793 
      4.4781737      -0.0190736      0.00804669       0.0153185       0.0304581 
      4.4788276       -0.019014      0.00834471       0.0154377       0.0302197 
      4.4794815      -0.0190736      0.00870234       0.0155569       0.0295044 
      4.4802314      -0.0192524      0.00911957       0.0153781       0.0289084 
      4.4809813      -0.0190736       0.0095368       0.0153185       0.0287892 
      4.4817312      -0.0189544      0.00959641       0.0153781       0.0295044 
      4.4823911      -0.0188352      0.00983482       0.0150204       0.0298024 
       4.483045      -0.0189544      0.00995403       0.0145436        0.029862 
       4.483705      -0.0188352      0.00989443       0.0143648        0.029564 
      4.4843589      -0.0183583       0.0094772       0.0138879       0.0290872 
      4.4850128      -0.0180007      0.00917917       0.0136495        0.029266 
      4.4857627      -0.0183583      0.00971562       0.0140668       0.0300409 
      4.4864226      -0.0187756       0.0105501       0.0143052       0.0302197 
      4.4870765      -0.0189544       0.0107885       0.0144244        0.029862 
      4.4877304      -0.0185372       0.0109673       0.0144244       0.0299813 
      4.4883903      -0.0179411       0.0102521       0.0143648       0.0305774 
      4.4890442      -0.0182391      0.00977522        0.014484       0.0308158 
      4.4897041      -0.0184776      0.00977522       0.0149608       0.0308754 
       4.490358       -0.018418       0.0100136         0.01508       0.0308158 
      4.4911079       -0.018716      0.00995403       0.0149608        0.030637 
      4.4917618       -0.018418      0.00971562        0.014782       0.0305774 
      4.4924217      -0.0178815      0.00971562       0.0145436       0.0301601 
      4.4930756      -0.0177027      0.00995403       0.0145436       0.0299216 
      4.4937295      -0.0176431      0.00977522       0.0152589        0.029862 
      4.4943895      -0.0178815      0.00977522       0.0156165        0.029564 
      4.4951394      -0.0182391      0.00959641       0.0151396        0.029564 
      4.4957933      -0.0183583      0.00983482       0.0148416        0.029862 
      4.4965432      -0.0186564      0.00941759        0.014782        0.029862 
      4.4972031      -0.0187756       0.0094772       0.0146628       0.0299216 
       4.497953       -0.018716       0.0101328       0.0147224        0.029862 
      4.4986069      -0.0184776       0.0105501       0.0149608       0.0299216 
      4.4993568      -0.0182987       0.0107289       0.0152589        0.029564 
      4.5000107      -0.0184776       0.0106097       0.0151992       0.0297428 
     
