> Measurement made Fri Aug 16 17:31:13 2024
> Main magnet sweep  0.00000 to  6.00000 Tesla at  5.999 mT/s 
> Hysteresis correction (approximate) has been applied. 
> Main Magnet at  0.00000 T 
> ITC set at    6.000 K, T1:   5.997 K, T2: 509.100 K, T3: 324.100 K 
> Sample Temperature could not be read directly 
> LockIn1:   1 mV, Mod Freq 41680.000000 Hz, Phase -1.420000 degr, Ampl. 0.150000 V
>  Tc 0.100000 seconds, Slope 18/oct, Dyn Res Normal .
> LockIn2:   1 mV, Mod Freq 41680.600000 Hz, Phase -2.970000 degr, Ampl. 0.010000 V
>  Tc 0.100000 seconds, Slope 18/oct, Dyn Res Normal .
> Modulation: 17.438980 mA 
> Source Freq 120 GHz (dial 15.00), LO Freq 115.8 GHz (dial 5250) 
> Martin Pupplet setting 7.0 mm, Attenuator Grid 25 dB
> Source attn 20 dB, Diode reading (-20dB) 0.5 mV
> Reference attn 10 dB, Diode reading (-30dB) 12 mV
Field  Signal1_X  Signal2_X    Signal1_Y   Signal2_Y    
T  mV mV mV mV 
-YMnS  on rotator rotated 90 degree from perp
Rotator Setting 630
6K 0-6T

>BEGIN
  
      
      4.1503677      -0.0292064       -0.130893       0.0320079      0.00011921 
      4.1510276      -0.0293852       -0.130416       0.0318291    -0.000417234 
      4.1516815      -0.0299216       -0.129939       0.0314119    -0.000417234 
      4.1524314       -0.030637       -0.130058       0.0311139    -5.96051e-05 
      4.1531813      -0.0307562        -0.13125       0.0308754     0.000298025 
      4.1539312      -0.0304581       -0.132323       0.0308754     0.000536445 
      4.1545851      -0.0308754        -0.13286       0.0315907     0.000476841 
       4.155245      -0.0311139       -0.133396       0.0311139      0.00154973 
      4.1558989       -0.030935       -0.133694       0.0302793      0.00286104 
      4.1566488      -0.0308158       -0.133933       0.0296832      0.00375511 
      4.1573087      -0.0310543       -0.134171       0.0299813      0.00327827 
      4.1579627      -0.0312927       -0.134052       0.0297428      0.00333787 
      4.1586166      -0.0315907       -0.133635       0.0291468      0.00381473 
      4.1592765      -0.0318291       -0.133098       0.0287296      0.00423196 
      4.1599304      -0.0317695       -0.133038       0.0287296      0.00357629 
      4.1605843      -0.0318887       -0.132919       0.0292064      0.00262262 
      4.1613342      -0.0320079         -0.1328       0.0296832      0.00178815 
      4.1620841      -0.0318291       -0.133694        0.029564      0.00208618 
       4.162744      -0.0317099       -0.134648        0.029862       0.0023246 
      4.1633979      -0.0317099       -0.134827       0.0302793      0.00196697 
      4.1641478      -0.0322463       -0.135065       0.0305178      0.00178815 
      4.1648077      -0.0324848       -0.135065       0.0302793      0.00166894 
      4.1655576       -0.032902       -0.134409       0.0302197       0.0011325 
      4.1663075      -0.0333788       -0.134231        0.029862     0.000894073 
      4.1669614      -0.0338557       -0.134469       0.0296832      0.00107289 
      4.1677113      -0.0339153       -0.134231       0.0294448      0.00268222 
      4.1683652      -0.0341537       -0.133635       0.0290872      0.00482801 
      4.1690251      -0.0343325       -0.133873       0.0288488      0.00566247 
       4.169775      -0.0346901       -0.133992       0.0288488      0.00578168 
      4.1705249       -0.034869       -0.134409       0.0290276      0.00512603 
      4.1711788       -0.034869       -0.135542       0.0290276      0.00381473 
      4.1719287      -0.0348093       -0.136138       0.0287892      0.00345708 
      4.1725826      -0.0350478       -0.136078       0.0284315      0.00405314 
      4.1733325       -0.035465       -0.135721       0.0284911      0.00435117 
      4.1739924      -0.0355842       -0.135542       0.0287892      0.00429156 
      4.1746463      -0.0355246       -0.136078        0.028968       0.0036955 
      4.1753962      -0.0354054       -0.137032       0.0294448      0.00309946 
      4.1760561      -0.0347497       -0.137986       0.0299216      0.00208618 
        4.17671      -0.0344517       -0.138164       0.0297428       0.0011921 
      4.1775559      -0.0350478       -0.137628       0.0301601      0.00131131 
      4.1782098      -0.0362995       -0.137449       0.0299813      0.00214578 
      4.1789597      -0.0371339       -0.137628        0.029266      0.00298025 
      4.1797096      -0.0373723       -0.137866       0.0287296      0.00357629 
      4.1803635      -0.0373723       -0.138105       0.0289084      0.00262262 
      4.1810234      -0.0370147       -0.138164       0.0291468      0.00178815 
      4.1816773      -0.0373127       -0.137747        0.029564      0.00166894 
      4.1823312      -0.0379088       -0.137151       0.0302793      0.00172854 
      4.1829911      -0.0384452       -0.136615       0.0306966       0.0012517 
       4.183741      -0.0388029       -0.136198       0.0303985     0.000894073 
      4.1843949      -0.0391009       -0.135542       0.0297428       0.0011325 
      4.1851448      -0.0390413       -0.135244       0.0293256      0.00202657 
      4.1858947      -0.0395181       -0.134946        0.029564      0.00280143 
      4.1866446      -0.0393393       -0.134767       0.0293256      0.00292064 
      4.1873045      -0.0391009        -0.13435        0.029266      0.00208618 
      4.1880544      -0.0395181       -0.133694       0.0298024     0.000536445 
      4.1888043      -0.0395181       -0.133515       0.0303985    -0.000178815 
      4.1894582      -0.0395181       -0.133098       0.0304581      0.00023842 
      4.1902081      -0.0396969       -0.132979       0.0305178     0.000715259 
       4.190958      -0.0401738       -0.132442       0.0305178      0.00137091 
      4.1916119       -0.040591       -0.132264       0.0304581      0.00184775 
      4.1922718      -0.0410678       -0.131668       0.0304581      0.00178815 
      4.1930217      -0.0413063       -0.131191       0.0308754      0.00149012 
      4.1936756      -0.0407698        -0.13125       0.0308158      0.00154973 
      4.1944255      -0.0403526        -0.13137       0.0303389      0.00190736 
      4.1950794       -0.040591        -0.13137       0.0299813      0.00184775 
      4.1958293      -0.0410082       -0.130952       0.0299216      0.00208618 
      4.1965792      -0.0408294       -0.130595       0.0302197      0.00190736 
      4.1972391       -0.040889       -0.130475       0.0305774      0.00178815 
       4.197989      -0.0413063       -0.129999       0.0306966     0.000953682 
      4.1986429      -0.0413063       -0.128985        0.030637    -0.000178815 
      4.1993029      -0.0410082       -0.128628       0.0301601    -0.000774864 
      4.1999568      -0.0410082       -0.129045       0.0294448    -0.000298025 
      4.2007067      -0.0415447       -0.129403       0.0287296       0.0012517 
      4.2014566      -0.0415447       -0.129701       0.0287892      0.00149012 
      4.2022064      -0.0416639       -0.129045        0.029564     0.000715259 
      4.2028604      -0.0417235       -0.128211       0.0296832     0.000655655 
      4.2035203      -0.0420215       -0.127614       0.0295044     0.000953682 
      4.2041742      -0.0418427       -0.127018       0.0293256       0.0012517 
      4.2048281      -0.0419619       -0.126244       0.0293256      0.00166894 
       4.205578      -0.0426772       -0.125826       0.0293852      0.00208618 
      4.2062379      -0.0429156       -0.125946       0.0296832      0.00143052 
      4.2068918      -0.0426176        -0.12523       0.0299216     5.96051e-05 
      4.2076417       -0.042856       -0.124217       0.0299813    -0.000417234 
      4.2083916      -0.0433328       -0.123383       0.0300409    -0.000655655 
      4.2090515      -0.0432732       -0.123383       0.0303985    -0.000774864 
      4.2098014       -0.043452       -0.123681       0.0305178     -0.00101329 
      4.2105513      -0.0430348       -0.123502       0.0299813    -0.000774864 
      4.2112052      -0.0426772       -0.123263       0.0296832    -0.000655655 
      4.2118591      -0.0430348       -0.123263       0.0296236    -5.96051e-05 
       4.212519      -0.0432136       -0.122727       0.0294448     5.96051e-05 
      4.2132689      -0.0435116        -0.12219       0.0293852     5.96051e-05 
      4.2140188      -0.0430348        -0.12225        0.028968     0.000476841 
      4.2146727      -0.0426176       -0.122369       0.0283123      0.00059605 
      4.2153266      -0.0424983       -0.122548       0.0278951      0.00059605 
      4.2160765      -0.0424387       -0.123025       0.0279547     0.000715259 
      4.2168264      -0.0420215       -0.122667       0.0283719     0.000894073 
      4.2174863      -0.0420811       -0.121475       0.0288488     0.000774864 
      4.2182362      -0.0429752       -0.120759       0.0293256      0.00059605 
      4.2188901       -0.043154       -0.120759        0.029862      0.00011921 
        4.21955      -0.0426772       -0.120998       0.0299813    -0.000298025 
      4.2202039      -0.0423195       -0.120819       0.0303389    -0.000655655 
      4.2209538      -0.0424387       -0.120342       0.0306966      -0.0011921 
      4.2217037      -0.0430348       -0.119567       0.0308754     -0.00190736 
      4.2223576      -0.0426176       -0.119508       0.0302197     -0.00208618 
      4.2231075      -0.0424387       -0.119627       0.0296832     -0.00143052 
      4.2237674      -0.0421407       -0.119865        0.028968    -0.000655655 
      4.2245173      -0.0419023       -0.120044       0.0287296    -0.000178815 
      4.2252672      -0.0417831       -0.119925       0.0287892     -0.00011921 
      4.2260171      -0.0414255       -0.120044       0.0293256      -0.0011921 
       4.226671      -0.0410678       -0.120223        0.029564     -0.00202657 
      4.2273249      -0.0407698       -0.120759       0.0293256     -0.00149012 
      4.2279848      -0.0410678       -0.120104       0.0290872    -0.000476841 
      4.2286387      -0.0413063       -0.119269       0.0284911      0.00059605 
      4.2292986      -0.0412466       -0.118912       0.0287296     0.000774864 
      4.2300485      -0.0413659       -0.118614       0.0284911       0.0012517 
      4.2307984      -0.0413659       -0.117481       0.0285507       0.0011921 
      4.2314523      -0.0414851       -0.116945       0.0288488               0 
      4.2321063      -0.0415447       -0.116885        0.029564     -0.00137091 
      4.2327662      -0.0412466       -0.117362       0.0296236     -0.00196697 
      4.2335161       -0.041187       -0.117362       0.0292064     -0.00184775 
        4.23417       -0.041187       -0.116945       0.0290872     -0.00178815 
      4.2349199      -0.0410082       -0.117302       0.0291468      -0.0012517 
      4.2355738      -0.0406506       -0.118554       0.0290276     -0.00137091 
      4.2362337      -0.0399353       -0.119627       0.0293852     -0.00154973 
      4.2369836      -0.0402334       -0.119687       0.0293256     -0.00131131 
      4.2376375      -0.0405314       -0.119091       0.0292064     -0.00107289 
      4.2383874      -0.0407698       -0.118256       0.0296236      -0.0012517 
      4.2390473       -0.040889       -0.117243       0.0295044     -0.00154973 
      4.2397012      -0.0410678       -0.116885       0.0289084     -0.00107289 
      4.2404511      -0.0407102       -0.117243        0.028968    -0.000774864 
       4.241105      -0.0405314         -0.1176       0.0290276    -0.000834469 
      4.2418549      -0.0404122       -0.118018       0.0288488    -0.000894073 
      4.2426048      -0.0406506       -0.118316       0.0292064    -0.000834469 
      4.2432647      -0.0404122       -0.118435       0.0299216     -0.00131131 
      4.2440146      -0.0402334       -0.118435       0.0303389     -0.00202657 
      4.2447645      -0.0398757       -0.118554       0.0303985     -0.00214578 
      4.2454184      -0.0397565       -0.118494       0.0308158      -0.0023842 
      4.2460723      -0.0398757       -0.118494       0.0311139     -0.00298025 
      4.2468222      -0.0396373       -0.118673       0.0309946     -0.00303985 
      4.2474821      -0.0389221       -0.118852       0.0302197     -0.00220539 
       4.248136      -0.0385644       -0.118435       0.0293256     -0.00131131 
      4.2488859      -0.0388029       -0.118077       0.0285507    -0.000655655 
      4.2496358      -0.0384452       -0.118316       0.0284315    -0.000178815 
      4.2502957       -0.038624       -0.118375       0.0280739               0 
      4.2510456      -0.0389817       -0.117541       0.0281931    -0.000536445 
      4.2517955      -0.0393989        -0.11766       0.0281931     -0.00143052 
      4.2524494      -0.0391009       -0.119091       0.0284315     -0.00220539 
      4.2531033      -0.0388029       -0.119806       0.0287892     -0.00292064 
      4.2538532      -0.0389221       -0.119627        0.029266     -0.00357629 
      4.2545131      -0.0390413       -0.119508       0.0296832     -0.00387433 
       4.255263      -0.0392201       -0.119567       0.0297428     -0.00387433 
      4.2560129      -0.0392797       -0.119865        0.028968     -0.00286104 
      4.2566668      -0.0395181       -0.118852       0.0285507     -0.00178815 
      4.2574167      -0.0396373       -0.118733       0.0278951     -0.00023842 
      4.2580706      -0.0394585       -0.119031       0.0274183      0.00035763 
      4.2587305      -0.0394585        -0.11921       0.0278355      0.00035763 
      4.2594804      -0.0395777       -0.118852       0.0282527    -5.96051e-05 
      4.2601343      -0.0393989       -0.118375       0.0283123     -0.00023842 
      4.2608842      -0.0395777       -0.117302       0.0283123     -0.00023842 
      4.2615441      -0.0398757       -0.117481       0.0284315      -0.0011921 
       4.262198      -0.0397565       -0.118077        0.028968     -0.00274183 
      4.2629479      -0.0393989       -0.118018       0.0291468     -0.00345708 
      4.2636978      -0.0386836       -0.118316       0.0294448     -0.00315906 
      4.2643517      -0.0388625       -0.119627       0.0296236      -0.0023842 
      4.2650116      -0.0404718       -0.119985        0.029266     -0.00137091 
      4.2656655      -0.0425579       -0.118733       0.0295044    -0.000655655 
      4.2664154      -0.0433924       -0.117422        0.029564    -0.000476841 
      4.2671653      -0.0436904       -0.117362       0.0293852    -0.000417234 
      4.2678192      -0.0444057        -0.11766       0.0293852    -0.000953682 
      4.2684792      -0.0452998       -0.117302        0.029862     -0.00178815 
      4.2691331      -0.0457766       -0.116468       0.0305774     -0.00280143 
       4.269883       -0.045717       -0.115812       0.0308754     -0.00292064 
      4.2706328      -0.0451209       -0.116408       0.0311735     -0.00143052 
      4.2712928      -0.0444653       -0.116647       0.0316503    -0.000476841 
      4.2720427      -0.0442269       -0.115753       0.0314119     -0.00023842 
      4.2726966      -0.0438096       -0.116885       0.0306966               0 
      4.2734465      -0.0444653       -0.119865       0.0307562     5.96051e-05 
      4.2741963      -0.0470283        -0.12225       0.0314119     0.000715259 
      4.2748503      -0.0501277       -0.124396       0.0327828      0.00178815 
      4.2755102      -0.0532868       -0.127614       0.0342729      0.00280143 
      4.2762601      -0.0568631       -0.132383       0.0360014      0.00381473 
       4.276914      -0.0610952       -0.139893       0.0379684      0.00554326 
      4.2776639      -0.0666981       -0.148715        0.041187      0.00667575 
      4.2783178      -0.0738506       -0.158132       0.0449421       0.0082255 
      4.2789777      -0.0802879        -0.16904       0.0486376       0.0112653 
      4.2796316      -0.0854735        -0.18102       0.0525119       0.0138879 
      4.2802915      -0.0910764       -0.194968        0.056267       0.0165106 
      4.2809454      -0.0983481       -0.216425       0.0615125       0.0200273 
      4.2816953       -0.109673       -0.245275       0.0684266       0.0252129 
      4.2824452       -0.133933        -0.27913       0.0797515       0.0305774 
      4.2831951       -0.154437       -0.286819       0.0864272       0.0318291 
       4.283849        -0.15396       -0.261726       0.0826721       0.0273586 
      4.2845089       -0.130654       -0.218035       0.0696187       0.0200273 
      4.2852588       -0.100613          -0.175       0.0548961       0.0122786 
      4.2860087      -0.0754003       -0.140847       0.0426176      0.00572208 
      4.2866626      -0.0618105       -0.121892        0.036061      0.00190736 
      4.2873165      -0.0557902       -0.114859       0.0334384     -0.00059605 
      4.2880664      -0.0520351       -0.112355        0.032306      -0.0023246 
      4.2888163      -0.0502469       -0.111819       0.0318291     -0.00298025 
      4.2894762      -0.0494721        -0.11158       0.0307562      -0.0023246 
      4.2902261      -0.0484588       -0.111759        0.029564     -0.00202657 
        4.29088      -0.0463726       -0.112772       0.0293256      -0.0023246 
      4.2915399      -0.0442865       -0.115455       0.0296832     -0.00327827 
      4.2922898      -0.0440481       -0.117481       0.0300409     -0.00417235 
      4.2929437      -0.0447037       -0.117839       0.0304581     -0.00441077 
      4.2936936      -0.0448825         -0.1176       0.0305178     -0.00393394 
      4.2944435      -0.0441673       -0.117839       0.0304581     -0.00321867 
      4.2950974       -0.043154         -0.1176       0.0299813     -0.00303985 
      4.2958473      -0.0422003       -0.117422        0.029564     -0.00315906 
      4.2965072      -0.0413063        -0.11766       0.0290872     -0.00327827 
      4.2972571      -0.0408294       -0.118435       0.0289084     -0.00280143 
       4.298007      -0.0399353       -0.118733       0.0286103     -0.00280143 
      4.2986609      -0.0393393       -0.118375       0.0282527     -0.00268222 
      4.2993148      -0.0389221       -0.117779       0.0285507     -0.00303985 
      4.3000647      -0.0375512       -0.118077       0.0291468     -0.00303985 
      4.3007246      -0.0369551       -0.118733       0.0290276     -0.00309946 
      4.3014745      -0.0382068       -0.118733       0.0287892     -0.00357629 
      4.3022244      -0.0392201       -0.118196       0.0292064     -0.00464919 
      4.3029743      -0.0400546       -0.118018       0.0299813     -0.00536445 
      4.3037242      -0.0398757       -0.117779       0.0300409     -0.00506642 
      4.3043781      -0.0397565        -0.11766       0.0296832     -0.00435117 
       4.305128      -0.0399353        -0.11772       0.0296236     -0.00345708 
      4.3057879       -0.040293       -0.117302       0.0296236     -0.00280143 
      4.3064418      -0.0405314        -0.11766       0.0294448     -0.00262262 
      4.3071917      -0.0400546       -0.117541        0.029862     -0.00321867 
      4.3079416      -0.0394585       -0.117064       0.0302197     -0.00464919 
      4.3085955      -0.0391009       -0.116647       0.0301601     -0.00548366 
      4.3093454       -0.038326       -0.117243       0.0297428     -0.00548366 
      4.3100053      -0.0377896       -0.117898        0.029564     -0.00512603 
      4.3107552      -0.0379684       -0.118375       0.0297428     -0.00506642 
      4.3114091      -0.0382664       -0.118852       0.0303389     -0.00572208 
       4.312159      -0.0385644       -0.119269       0.0305774     -0.00584128 
      4.3128129      -0.0385644       -0.119508       0.0302793     -0.00506642 
      4.3135628      -0.0383856       -0.120104       0.0294448     -0.00381473 
      4.3142227      -0.0385048       -0.120521       0.0289084     -0.00286104 
      4.3148766      -0.0389221       -0.120283       0.0283719     -0.00208618 
      4.3156265      -0.0386836         -0.1207       0.0277163     -0.00220539 
      4.3163764      -0.0385048       -0.121415       0.0276567     -0.00339748 
      4.3170363       -0.038326       -0.121236       0.0280143     -0.00441077 
      4.3177862      -0.0379684       -0.121177       0.0289084     -0.00429156 
      4.3184401      -0.0375512       -0.121534       0.0296236      -0.0036955 
        4.31919      -0.0373127       -0.121952       0.0300409     -0.00447038 
      4.3199399      -0.0374916       -0.123085       0.0302793     -0.00560287 
      4.3205938      -0.0373127       -0.123621       0.0299216     -0.00518563 
      4.3213437      -0.0372531       -0.124098        0.029564     -0.00494721 
      4.3220036      -0.0374916         -0.1238       0.0297428     -0.00506642 
      4.3226576      -0.0374916       -0.123442       0.0302197     -0.00578168 
      4.3234074      -0.0374319       -0.123144       0.0303389     -0.00578168 
      4.3241573      -0.0370147       -0.123561       0.0302197     -0.00566247 
      4.3250032      -0.0370147       -0.123621       0.0301601     -0.00554326 
      4.3256571      -0.0368359        -0.12374       0.0300409     -0.00554326 
       4.326311      -0.0362399         -0.1238       0.0299216     -0.00548366 
      4.3270609      -0.0359418       -0.123442       0.0299216     -0.00494721 
      4.3277208      -0.0363591       -0.122906        0.029862     -0.00393394 
      4.3284707      -0.0368359       -0.122667        0.029564     -0.00315906 
      4.3291246      -0.0374319       -0.122011       0.0296832      -0.0036359 
      4.3297846      -0.0372531        -0.12225       0.0299216     -0.00488761 
      4.3305344      -0.0371935       -0.121475       0.0305178     -0.00578168 
      4.3311884       -0.038326       -0.120342       0.0306966     -0.00578168 
      4.3318423      -0.0395181       -0.119925       0.0304581     -0.00631812 
      4.3325922      -0.0391605       -0.120342       0.0303389     -0.00709298 
      4.3332521      -0.0382068       -0.121713       0.0301005     -0.00661614 
       4.333906      -0.0375512       -0.122846       0.0293852     -0.00584128 
      4.3345599      -0.0376704       -0.123502       0.0290872     -0.00584128 
      4.3352198      -0.0376704       -0.123085       0.0295044     -0.00625852 
      4.3358737      -0.0371935       -0.123085       0.0296236      -0.0060797 
      4.3365336      -0.0372531       -0.123085       0.0294448     -0.00536445 
      4.3372835      -0.0375512       -0.123085       0.0296236      -0.0047088 
      4.3379374      -0.0373127       -0.123204       0.0297428     -0.00494721 
      4.3385913      -0.0373723       -0.122429       0.0301601     -0.00512603 
      4.3392512      -0.0375512       -0.121832       0.0305178     -0.00548366 
      4.3400011      -0.0376108        -0.12225       0.0304581     -0.00578168 
       4.340655      -0.0376704       -0.122548       0.0303389     -0.00500682 
      4.3413089      -0.0379088       -0.122727        0.029862     -0.00494721 
      4.3420588       -0.038326       -0.122429       0.0299813     -0.00643733 
      4.3428087      -0.0388029       -0.122011       0.0300409     -0.00739101 
      4.3434686      -0.0385644       -0.122429       0.0301601     -0.00691417 
      4.3441225      -0.0379684       -0.122667       0.0304581     -0.00643733 
      4.3448724      -0.0381472       -0.122846       0.0303985     -0.00524524 
      4.3455323      -0.0386836       -0.122906       0.0304581     -0.00411275 
      4.3462822      -0.0391009       -0.122727       0.0302793     -0.00387433 
      4.3470321      -0.0389221       -0.123263       0.0303389     -0.00399354 
       4.347686      -0.0387433       -0.123442       0.0303985     -0.00458959 
      4.3483399       -0.038624       -0.123085       0.0304581      -0.0047684 
      4.3490898      -0.0384452       -0.122965       0.0300409     -0.00494721 
      4.3497497      -0.0385048       -0.123323       0.0297428     -0.00554326 
      4.3504996      -0.0390413       -0.123502       0.0299216     -0.00619891 
      4.3512495      -0.0395181       -0.122667       0.0302197     -0.00745061 
      4.3519034      -0.0395777        -0.12231       0.0300409     -0.00786787 
      4.3526533      -0.0395777       -0.122548       0.0299216     -0.00691417 
      4.3533073      -0.0389817       -0.122429       0.0293256      -0.0060201 
      4.3541531      -0.0386836        -0.12225       0.0287892     -0.00536445 
       4.354807      -0.0383856       -0.122846        0.028968     -0.00524524 
      4.3554669      -0.0381472       -0.123025       0.0292064     -0.00548366 
      4.3561209      -0.0383856       -0.123204       0.0293852     -0.00542405 
      4.3567808      -0.0392201       -0.122429       0.0297428     -0.00584128 
      4.3574347      -0.0398161       -0.120998       0.0300409     -0.00685456 
      4.3581846      -0.0399949       -0.119865       0.0305178     -0.00798708 
      4.3588385      -0.0395181       -0.120879       0.0311735     -0.00864273 
      4.3595884      -0.0392201       -0.121415       0.0312927      -0.0082851 
      4.3603383      -0.0392201       -0.121594       0.0309946     -0.00721219 
      4.3610882      -0.0393989       -0.121952       0.0304581     -0.00673535 
      4.3617481      -0.0395181       -0.122011        0.029862      -0.0060797 
       4.362498      -0.0393393       -0.121892       0.0293852     -0.00625852 
      4.3631519      -0.0401738       -0.120104        0.029266     -0.00679496 
      4.3639018      -0.0410082       -0.118435       0.0295044     -0.00792748 
      4.3645557      -0.0412466       -0.117839       0.0299216     -0.00840431 
      4.3653056      -0.0414851       -0.118435       0.0303389     -0.00816589 
      4.3660555      -0.0414851       -0.119746       0.0299216     -0.00768906 
      4.3667154      -0.0407102       -0.120938       0.0293256     -0.00697377 
      4.3673693      -0.0400546       -0.122131       0.0294448     -0.00643733 
      4.3680292      -0.0393989       -0.122488       0.0294448     -0.00613931 
      4.3686831      -0.0399949       -0.121713       0.0294448     -0.00739101 
       4.369337       -0.040889       -0.120342       0.0294448     -0.00876194 
      4.3700869      -0.0409486       -0.119746       0.0293852     -0.00971562 
      4.3708368      -0.0404122       -0.120044       0.0291468     -0.00983482 
      4.3715867      -0.0398757       -0.119687       0.0291468     -0.00977522 
      4.3723366      -0.0398757       -0.120044       0.0290872      -0.0094772 
      4.3729965      -0.0392797       -0.120759       0.0290276     -0.00840431 
      4.3737464      -0.0389817       -0.121177       0.0292064     -0.00673535 
      4.3744963      -0.0392797       -0.121296       0.0294448     -0.00536445 
      4.3752462      -0.0390413       -0.121057       0.0292064     -0.00411275 
      4.3759001      -0.0389221       -0.120879       0.0281931     -0.00393394 
        4.37665      -0.0391009       -0.121534       0.0283123     -0.00542405 
      4.3773999      -0.0392797       -0.121594       0.0290276     -0.00715259 
      4.3781498      -0.0395181        -0.12064       0.0298024     -0.00792748 
      4.3788037      -0.0392201       -0.120581       0.0304581     -0.00876194 
      4.3795536      -0.0391009       -0.120283       0.0306966     -0.00870234 
      4.3802135      -0.0392201       -0.120223       0.0299813     -0.00804669 
      4.3808674      -0.0392201       -0.120044       0.0292064     -0.00745061 
      4.3815273      -0.0392201       -0.119627       0.0287892     -0.00786787 
      4.3821812      -0.0393393       -0.119389        0.029266     -0.00882155 
      4.3828351      -0.0389221       -0.119746        0.029564     -0.00917917 
       4.383495      -0.0390413       -0.120223       0.0292064     -0.00870234 
      4.3841489      -0.0391605       -0.120461       0.0287296     -0.00774866 
      4.3848988      -0.0391009       -0.120461       0.0288488     -0.00685456 
      4.3855527      -0.0389221       -0.120759       0.0287296     -0.00596049 
      4.3863986      -0.0386836       -0.121773       0.0282527     -0.00596049 
      4.3871485      -0.0380876       -0.122548       0.0281335      -0.0060201 
      4.3878984       -0.038028       -0.122131       0.0286103     -0.00685456 
      4.3886483       -0.038326       -0.121594       0.0290872     -0.00804669 
      4.3893982       -0.038326       -0.121832       0.0289084     -0.00739101 
      4.3900521       -0.038624       -0.121952       0.0282527     -0.00625852 
       4.390802      -0.0388625       -0.121773       0.0282527     -0.00596049 
      4.3915519      -0.0387433       -0.121117       0.0289084     -0.00691417 
      4.3922118      -0.0388029       -0.119448       0.0293852     -0.00786787 
      4.3929617      -0.0393393       -0.117243       0.0294448     -0.00834471 
      4.3937116      -0.0398161       -0.117004        0.028968     -0.00911957 
      4.3943655      -0.0398161       -0.117898       0.0293256     -0.00941759 
      4.3950254      -0.0398161       -0.119091        0.029862     -0.00882155 
      4.3956793      -0.0390413       -0.119865       0.0300409     -0.00870234 
      4.3964292      -0.0389221       -0.119687       0.0299216     -0.00900036 
      4.3971791      -0.0392797       -0.119389       0.0297428     -0.00882155 
       4.397833      -0.0395777       -0.119865       0.0292064     -0.00745061 
      4.3984929      -0.0394585       -0.120581        0.028968     -0.00649694 
      4.3992428      -0.0389817       -0.120879       0.0285507     -0.00590089 
      4.3999927      -0.0389221       -0.121117       0.0284911     -0.00613931 
      4.4006466      -0.0389817        -0.12064       0.0288488     -0.00774866 
      4.4013965      -0.0389817       -0.119627       0.0291468     -0.00905996 
      4.4021464      -0.0388625       -0.119091       0.0293256      -0.0094772 
      4.4028963      -0.0382068       -0.119448       0.0291468     -0.00911957 
      4.4036462      -0.0374916       -0.120044       0.0287892     -0.00816589 
      4.4043961      -0.0368359       -0.120342       0.0284911     -0.00697377 
       4.405146      -0.0365975       -0.121177       0.0284315     -0.00667575 
      4.4057999      -0.0369551       -0.121713       0.0282527     -0.00661614 
      4.4065498      -0.0370743        -0.12219       0.0284911     -0.00709298 
      4.4072097      -0.0373723       -0.122011       0.0284911     -0.00715259 
      4.4079596      -0.0379088       -0.121654       0.0284315     -0.00691417 
      4.4086135      -0.0379684       -0.121475       0.0286103     -0.00637773 
      4.4093634      -0.0382664       -0.120998       0.0287892     -0.00637773 
      4.4100233      -0.0382664       -0.120759         0.02867     -0.00673535 
      4.4107732      -0.0384452         -0.1207       0.0284315     -0.00631812 
      4.4114271       -0.038326         -0.1207       0.0276567     -0.00554326 
       4.412177      -0.0384452       -0.120581       0.0271202     -0.00494721 
      4.4128309      -0.0384452       -0.119925       0.0267626     -0.00530484 
      4.4135808      -0.0379684       -0.119508       0.0269414     -0.00590089 
      4.4142407      -0.0376108       -0.119448       0.0278355     -0.00691417 
      4.4148946      -0.0373127       -0.119567       0.0287892     -0.00786787 
      4.4155485      -0.0369551       -0.119508       0.0293256     -0.00905996 
      4.4162984      -0.0373127       -0.119508       0.0294448     -0.00995403 
      4.4170483      -0.0372531       -0.119865        0.029862      -0.0106097 
      4.4177982      -0.0373723       -0.118554       0.0305178      -0.0113845 
      4.4184581      -0.0385048       -0.116826       0.0302793      -0.0113249 
       4.419208      -0.0395181       -0.115693       0.0299216      -0.0104905 
      4.4198619      -0.0393989        -0.11617       0.0296236     -0.00971562 
      4.4206118      -0.0385048         -0.1176       0.0291468     -0.00876194 
      4.4213617      -0.0376704       -0.119329       0.0289084     -0.00840431 
      4.4220216      -0.0370743       -0.120402       0.0283123     -0.00798708 
      4.4226755      -0.0368955        -0.12064       0.0277163     -0.00774866 
      4.4233294      -0.0366571       -0.121356       0.0277759     -0.00786787 
      4.4240793      -0.0367167       -0.122011       0.0283719     -0.00792748 
      4.4248292      -0.0370147       -0.121057       0.0286103     -0.00739101 
      4.4254891      -0.0373127       -0.120283       0.0285507     -0.00685456 
       4.426239      -0.0369551       -0.120163       0.0283123     -0.00661614 
      4.4269889      -0.0366571       -0.120402       0.0284911     -0.00673535 
      4.4276428      -0.0370743        -0.12064       0.0279547     -0.00643733 
      4.4282967      -0.0376108       -0.120879       0.0277163     -0.00715259 
      4.4290466      -0.0375512       -0.120998       0.0280143     -0.00858313 
      4.4297065      -0.0374319       -0.120998       0.0283719     -0.00894075 
      4.4304564      -0.0377896       -0.120581       0.0280739     -0.00816589 
      4.4311103      -0.0373723       -0.120163       0.0277759      -0.0082851 
      4.4318602      -0.0367763       -0.120342       0.0277759     -0.00882155 
      4.4325201      -0.0367167       -0.120759       0.0277163     -0.00929838 
        4.43327      -0.0367763       -0.121117       0.0275971     -0.00882155 
      4.4339239      -0.0365379       -0.121236       0.0279547     -0.00864273 
      4.4346738      -0.0367167       -0.120998       0.0279547     -0.00792748 
      4.4353277      -0.0367763       -0.121177       0.0274183     -0.00768906 
      4.4360776      -0.0364783       -0.120998       0.0274779     -0.00840431 
      4.4367375       -0.036061       -0.120223       0.0281335     -0.00983482 
      4.4374874       -0.035465       -0.120044       0.0284315      -0.0100136 
      4.4382373      -0.0352862       -0.120521       0.0283719     -0.00941759 
      4.4388912      -0.0358226       -0.120104       0.0279547     -0.00900036 
      4.4395452      -0.0365379       -0.119806       0.0278355     -0.00864273 
       4.440295      -0.0373127       -0.119925       0.0280143     -0.00894075 
       4.440955      -0.0371935       -0.120581       0.0284315     -0.00965601 
      4.4417048      -0.0367763       -0.120461         0.02867      -0.0104309 
      4.4423588      -0.0366571       -0.119985       0.0290276      -0.0108481 
      4.4431087      -0.0362399       -0.120044       0.0287892      -0.0112057 
      4.4437686      -0.0362399       -0.119865       0.0284911      -0.0105501 
      4.4445185      -0.0361206       -0.120044       0.0280143     -0.00923878 
      4.4451724      -0.0356438       -0.120402       0.0272394      -0.0082851 
      4.4458263      -0.0356438       -0.120163       0.0275971     -0.00935799 
      4.4465762       -0.036061       -0.119865       0.0287296      -0.0107885 
      4.4473261      -0.0363591       -0.120283       0.0291468      -0.0110269 
       4.447986      -0.0364783       -0.119925       0.0287296      -0.0108481 
      4.4487359      -0.0365975       -0.120223       0.0280143      -0.0110269 
      4.4493898      -0.0364783       -0.121117       0.0280143      -0.0107885 
      4.4501397      -0.0362399       -0.121236       0.0280143      -0.0108481 
      4.4507936      -0.0365379        -0.12064       0.0280739      -0.0114442 
      4.4515435      -0.0372531       -0.119865       0.0283719       -0.012219 
      4.4522034      -0.0373723       -0.119746       0.0290872      -0.0126362 
      4.4529533      -0.0371339       -0.120104       0.0290872      -0.0115038 
      4.4536072      -0.0372531       -0.120521       0.0285507      -0.0100136 
      4.4543571      -0.0366571       -0.121117       0.0285507     -0.00989443 
       4.455017      -0.0359418       -0.121534       0.0295044      -0.0103713 
      4.4557669      -0.0361803       -0.120581       0.0301601      -0.0115038 
      4.4564208      -0.0367167       -0.120283       0.0301601      -0.0120998 
      4.4571707      -0.0366571       -0.120521       0.0293852      -0.0110865 
      4.4578246      -0.0363591       -0.121177       0.0287296      -0.0103117 
      4.4585745      -0.0358226       -0.121475       0.0283719      -0.0102521 
      4.4592344      -0.0352862       -0.121713       0.0276567     -0.00965601 
      4.4598883       -0.035465       -0.121773        0.027001     -0.00923878 
      4.4605422      -0.0355842       -0.121832       0.0265242     -0.00864273 
      4.4612921       -0.035465       -0.121713       0.0264646     -0.00834471 
       4.461952       -0.035167       -0.121594        0.026405     -0.00780827 
      4.4626059      -0.0351074       -0.121236       0.0265838     -0.00834471 
      4.4633558       -0.035465       -0.119985       0.0277759     -0.00905996 
      4.4640157      -0.0359418       -0.119031       0.0287296      -0.0101328 
      4.4647656      -0.0362995       -0.117779       0.0290276      -0.0113249 
      4.4655155      -0.0365379        -0.11766         0.02867       -0.011623 
      4.4661694      -0.0364783       -0.119329       0.0286103      -0.0110269 
      4.4669193      -0.0361803        -0.12064       0.0284315      -0.0095368 
      4.4676692      -0.0357034       -0.121415       0.0279547     -0.00834471 
      4.4683231      -0.0356438       -0.121773       0.0277759     -0.00870234 
       4.469073      -0.0354054       -0.121952       0.0274779     -0.00923878 
      4.4698229      -0.0356438       -0.122071       0.0278951     -0.00965601 
      4.4704828      -0.0359418       -0.121475       0.0281931      -0.0094772 
      4.4713227      -0.0354054       -0.121356       0.0278951     -0.00905996 
      4.4719826      -0.0347497       -0.121236       0.0275375     -0.00876194 
      4.4727325      -0.0345113       -0.121415       0.0275375     -0.00864273 
      4.4734824      -0.0347497       -0.121236       0.0277759     -0.00858313 
      4.4741363      -0.0354054       -0.121236       0.0280739     -0.00858313 
      4.4747902      -0.0358822       -0.121177       0.0284911      -0.0095368 
      4.4755401      -0.0358226       -0.121177       0.0287296      -0.0106693 
        4.47629      -0.0357034       -0.121117       0.0287892      -0.0105501 
      4.4769499      -0.0355842       -0.121773       0.0281335     -0.00935799 
      4.4776998      -0.0356438       -0.121594       0.0278951     -0.00852352 
      4.4783537      -0.0357034       -0.121356       0.0274779      -0.0082255 
      4.4791036      -0.0355842       -0.120938       0.0272394     -0.00768906 
      4.4797635      -0.0356438         -0.1207       0.0269414     -0.00697377 
      4.4804174      -0.0357034       -0.120998       0.0272394     -0.00715259 
      4.4811673      -0.0357034       -0.121475       0.0271798     -0.00816589 
      4.4819172      -0.0358822         -0.1207       0.0272394      -0.0095368 
      4.4825711      -0.0365379       -0.119448       0.0273586      -0.0114442 
       4.483231      -0.0369551        -0.11915       0.0277759      -0.0121594 
      4.4839809      -0.0369551       -0.118793       0.0280143      -0.0128151 
      4.4847308      -0.0368955       -0.118196       0.0287296      -0.0133515 
      4.4853847      -0.0367763       -0.118077       0.0291468      -0.0127555 
      4.4861346      -0.0365379       -0.118673       0.0290872      -0.0114442 
      4.4867885      -0.0359418       -0.120044       0.0284315      -0.0106693 
      4.4874484      -0.0354054       -0.121475       0.0277759      -0.0102521 
      4.4881983       -0.035465       -0.121713       0.0274183      -0.0101328 
      4.4888522      -0.0360014       -0.121117       0.0275971      -0.0103117 
      4.4896021      -0.0371339       -0.119269       0.0279547      -0.0113249 
       4.490262      -0.0378492       -0.117839       0.0287296      -0.0123382 
      4.4910119      -0.0374319       -0.117183       0.0290872      -0.0123382 
      4.4916658      -0.0367763       -0.117898       0.0287296      -0.0118018 
      4.4924157      -0.0358822       -0.119269       0.0284911      -0.0106693 
      4.4931656      -0.0358226       -0.120104       0.0277759     -0.00965601 
      4.4940115      -0.0361206       -0.120581       0.0276567     -0.00965601 
      4.4947614      -0.0368359       -0.120759       0.0282527      -0.0108481 
      4.4954153        -0.03773        -0.11921       0.0284315      -0.0115634 
      4.4960692      -0.0382664       -0.117362       0.0283719      -0.0118614 
      4.4967291      -0.0382068       -0.116408       0.0282527      -0.0116826 
       4.497383      -0.0379684       -0.116051       0.0278951      -0.0118018 
      4.4980369      -0.0376704       -0.116587       0.0278951       -0.012219 
      4.4987868      -0.0373127       -0.117839       0.0282527      -0.0125766 
      4.4995367      -0.0370147       -0.119687       0.0286103      -0.0122786 
      4.5001966      -0.0362995       -0.120998       0.0283123      -0.0113845 
      
