> Measurement made Fri Aug 16 14:47:24 2024
> Main magnet sweep  6.00000 to  0.00000 Tesla at  5.999 mT/s 
> Hysteresis correction (approximate) has been applied. 
> Main Magnet at  6.00000 T 
> ITC set at    6.000 K, T1:   5.999 K, T2: 509.100 K, T3: 324.100 K 
> Sample Temperature could not be read directly 
> LockIn1:   1 mV, Mod Freq 41680.000000 Hz, Phase -1.420000 degr, Ampl. 0.150000 V
>  Tc 0.100000 seconds, Slope 18/oct, Dyn Res Normal .
> LockIn2:   1 mV, Mod Freq 41680.600000 Hz, Phase -2.970000 degr, Ampl. 0.010000 V
>  Tc 0.100000 seconds, Slope 18/oct, Dyn Res Normal .
> Modulation: 16.646300 mA 
> Source Freq 120 GHz (dial 15.00), LO Freq 115.8 GHz (dial 5250) 
> Martin Pupplet setting 7.0 mm, Attenuator Grid 25 dB
> Source attn 20 dB, Diode reading (-20dB) 0.5 mV
> Reference attn 10 dB, Diode reading (-30dB) 12 mV
Field  Signal1_X  Signal2_X    Signal1_Y   Signal2_Y    
T  mV mV mV mV 
-YMnS  on rotator rotated 36 degree from perp
Rotator Setting 880
6K 0-6T

>BEGIN
      
      4.5006004      -0.0321867       0.0362995     -0.00888115      -0.0550749 
      4.4999405      -0.0319483       0.0364783     -0.00888115      -0.0555518 
      4.4992865      -0.0321867       0.0369551     -0.00882155       -0.055671 
      4.4985366       -0.032902       0.0373127     -0.00894075      -0.0557306 
      4.4978827      -0.0334384       0.0373127     -0.00917917      -0.0556114 
      4.4972228      -0.0337961       0.0376108      -0.0095368      -0.0553133 
      4.4965689      -0.0339153       0.0377896     -0.00995403      -0.0545981 
       4.495909      -0.0339153       0.0377896      -0.0100136      -0.0544193 
      4.4952551      -0.0334384       0.0371339     -0.00965601      -0.0547769 
      4.4946012      -0.0329616       0.0368359     -0.00941759      -0.0554326 
      4.4938513       -0.032604       0.0365379     -0.00905996      -0.0556114 
      4.4931914      -0.0325444       0.0362995     -0.00888115      -0.0550749 
      4.4924415      -0.0324252       0.0361206     -0.00900036      -0.0548365 
      4.4916916      -0.0327232       0.0363591     -0.00917917      -0.0547769 
      4.4910377      -0.0327232       0.0365975     -0.00917917      -0.0548365 
      4.4902878      -0.0324848       0.0364187     -0.00923878      -0.0550153 
      4.4896339      -0.0323656       0.0370147     -0.00941759      -0.0551345 
       4.488884      -0.0324848       0.0371339     -0.00941759      -0.0552537 
      4.4881341      -0.0323656       0.0368955      -0.0095368      -0.0551941 
      4.4874742       -0.032604       0.0369551      -0.0094772      -0.0549557 
      4.4867243         -0.0332       0.0371935     -0.00965601      -0.0551345 
      4.4859744      -0.0333192       0.0371339     -0.00941759      -0.0559094 
      4.4852245      -0.0330212       0.0370147     -0.00911957      -0.0561478 
      4.4844746      -0.0329616       0.0372531     -0.00923878      -0.0559094 
      4.4838207      -0.0330808       0.0372531     -0.00941759      -0.0561478 
      4.4830708      -0.0330808       0.0371339     -0.00965601       -0.056267 
      4.4823209       -0.032902       0.0370743     -0.00971562      -0.0560882 
       4.481661      -0.0328424       0.0369551      -0.0095368      -0.0556114 
      4.4810071      -0.0329616       0.0366571      -0.0095368       -0.055671 
      4.4802572      -0.0333192       0.0362399      -0.0095368      -0.0558498 
      4.4795073      -0.0331404        0.036061     -0.00941759      -0.0554326 
      4.4788534       -0.032902       0.0358822     -0.00923878      -0.0552537 
      4.4781935      -0.0327232       0.0356438     -0.00911957      -0.0553729 
      4.4774436      -0.0322463       0.0353458     -0.00917917      -0.0553729 
      4.4766937      -0.0322463        0.035167     -0.00917917      -0.0557902 
      4.4760398      -0.0328424       0.0358226     -0.00917917      -0.0561478 
      4.4752899      -0.0332596       0.0366571     -0.00929838      -0.0559094 
       4.474636      -0.0333788       0.0365975     -0.00917917      -0.0556114 
      4.4738861      -0.0330212       0.0362399      -0.0095368       -0.055969 
      4.4732262      -0.0327828       0.0359418     -0.00917917      -0.0563266 
      4.4724763       -0.032604       0.0355246     -0.00888115      -0.0558498 
      4.4718224      -0.0324252       0.0355842     -0.00858313      -0.0554326 
      4.4710725      -0.0323656       0.0359418     -0.00852352      -0.0553729 
      4.4704126      -0.0324848       0.0363591     -0.00888115      -0.0553133 
      4.4697587       -0.032902       0.0362399     -0.00923878      -0.0554326 
      4.4690088      -0.0330808       0.0361206     -0.00923878      -0.0559094 
      4.4683549      -0.0329616       0.0363591     -0.00900036      -0.0561478 
       4.467695      -0.0327828       0.0361206     -0.00888115      -0.0560882 
      4.4670411       -0.032902       0.0360014     -0.00870234      -0.0556114 
      4.4663872      -0.0329616       0.0358822     -0.00852352      -0.0550749 
      4.4656373      -0.0330212       0.0357034     -0.00858313      -0.0550749 
      4.4649774      -0.0330212       0.0360014     -0.00864273       -0.055671 
      4.4643234       -0.032902       0.0368955     -0.00870234       -0.055969 
      4.4636635      -0.0327828       0.0376704     -0.00882155      -0.0563862 
      4.4630096      -0.0328424       0.0380876     -0.00888115       -0.056267 
      4.4623557      -0.0330212       0.0382068     -0.00894075      -0.0561478 
      4.4616958      -0.0331404       0.0379088     -0.00894075      -0.0561478 
      4.4609459      -0.0333788       0.0374916     -0.00882155       -0.056267 
       4.460292      -0.0332596       0.0376108     -0.00882155      -0.0560882 
      4.4595421      -0.0333192       0.0378492     -0.00876194      -0.0557902 
      4.4587922       -0.033498       0.0379088     -0.00900036      -0.0557306 
      4.4581383      -0.0334384       0.0375512     -0.00911957      -0.0561478 
      4.4574784         -0.0332       0.0367167     -0.00888115      -0.0567439 
      4.4567285       -0.032902       0.0364783     -0.00840431      -0.0569227 
      4.4559786       -0.032902       0.0362399     -0.00798708      -0.0571015 
      4.4553247      -0.0333192       0.0358226      -0.0082851      -0.0566843 
      4.4545748      -0.0330212       0.0358226     -0.00840431       -0.056267 
      4.4538249      -0.0328424        0.035763     -0.00864273      -0.0563266 
       4.453165      -0.0328424       0.0361206     -0.00870234      -0.0563862 
      4.4525111       -0.032902       0.0367167     -0.00870234      -0.0557306 
      4.4517612       -0.032902       0.0371935     -0.00870234      -0.0555518 
      4.4511073      -0.0329616       0.0371339     -0.00870234      -0.0558498 
      4.4503574      -0.0330808       0.0367763     -0.00888115      -0.0563862 
      4.4496975      -0.0329616       0.0368359     -0.00911957      -0.0568631 
      4.4489476       -0.032902       0.0369551     -0.00905996      -0.0567439 
      4.4482937      -0.0334384       0.0368955     -0.00917917      -0.0565054 
      4.4476398      -0.0336769       0.0364187     -0.00935799      -0.0567439 
      4.4468899      -0.0336173       0.0363591      -0.0094772      -0.0567439 
        4.44614      -0.0336769       0.0364187     -0.00941759      -0.0569823 
      4.4454801      -0.0335576       0.0364187     -0.00959641      -0.0568035 
      4.4446402      -0.0333192       0.0365975      -0.0094772      -0.0566843 
      4.4439803      -0.0337365       0.0364783     -0.00929838      -0.0565054 
      4.4433264      -0.0338557       0.0366571     -0.00917917      -0.0564458 
      4.4425765      -0.0335576       0.0367763     -0.00900036      -0.0566843 
      4.4419166      -0.0330212       0.0368359     -0.00900036      -0.0569227 
      4.4412627      -0.0330212       0.0370743     -0.00876194      -0.0566843 
      4.4406088      -0.0330808       0.0369551     -0.00870234       -0.056565 
      4.4399489      -0.0333192       0.0364187     -0.00888115      -0.0563266 
       4.439295      -0.0337365       0.0358822     -0.00923878      -0.0560286 
      4.4386411      -0.0336769       0.0355246     -0.00917917      -0.0560286 
      4.4379811      -0.0334384       0.0353458     -0.00882155      -0.0561478 
      4.4373272      -0.0336173        0.035465     -0.00840431      -0.0559094 
      4.4365773      -0.0336769        0.035763     -0.00840431      -0.0552537 
      4.4358274      -0.0336173       0.0355842     -0.00852352      -0.0554922 
      4.4351675      -0.0335576       0.0354054     -0.00858313      -0.0558498 
      4.4345136      -0.0337365       0.0349882     -0.00846392      -0.0557902 
      4.4337637      -0.0336769       0.0345709     -0.00876194      -0.0560882 
      4.4330138      -0.0333192       0.0346901     -0.00900036      -0.0558498 
      4.4322639      -0.0334384       0.0351074     -0.00888115      -0.0558498 
        4.43161      -0.0335576       0.0352862     -0.00911957       -0.055969 
      4.4308601      -0.0334384        0.035763     -0.00905996      -0.0560882 
      4.4302002      -0.0333192       0.0358822     -0.00888115      -0.0559094 
      4.4295463      -0.0333788       0.0362995     -0.00876194      -0.0559094 
      4.4288924      -0.0336173       0.0365379     -0.00911957      -0.0560286 
      4.4281425      -0.0336173       0.0361206     -0.00923878      -0.0560882 
      4.4273926      -0.0336173        0.035167      -0.0095368      -0.0564458 
      4.4266427      -0.0343325       0.0347497     -0.00923878      -0.0569823 
      4.4259828      -0.0344517       0.0345113     -0.00870234      -0.0575187 
      4.4253289      -0.0343921       0.0343921     -0.00858313      -0.0575783 
       4.424579      -0.0341537       0.0347497     -0.00888115      -0.0572803 
      4.4239191      -0.0340345       0.0355246     -0.00894075      -0.0573995 
      4.4232652      -0.0339749       0.0353458     -0.00882155      -0.0574591 
      4.4225153      -0.0339153       0.0349882     -0.00882155      -0.0573399 
      4.4218614      -0.0338557       0.0348093     -0.00870234      -0.0568035 
      4.4212015      -0.0336769       0.0346901      -0.0082851      -0.0564458 
      4.4204516      -0.0334384       0.0344517     -0.00810629      -0.0566843 
      4.4197017      -0.0333788       0.0346901     -0.00870234      -0.0569823 
      4.4189518      -0.0334384       0.0344517     -0.00882155      -0.0571611 
      4.4182979      -0.0333192       0.0342729     -0.00876194      -0.0569823 
       4.417548      -0.0331404       0.0337961     -0.00864273      -0.0572803 
      4.4167981       -0.033498       0.0340345     -0.00858313      -0.0569227 
      4.4160482      -0.0341537       0.0340345     -0.00870234      -0.0566843 
      4.4152983      -0.0342133       0.0340941     -0.00834471      -0.0571015 
      4.4146444      -0.0339153       0.0340345      -0.0082255      -0.0571015 
      4.4139845      -0.0339153       0.0340345     -0.00846392      -0.0572803 
      4.4133306      -0.0340345       0.0343921      -0.0082851      -0.0566843 
      4.4125807      -0.0339749        0.034869     -0.00786787       -0.056565 
      4.4118308      -0.0336769       0.0350478     -0.00786787      -0.0563862 
      4.4111709       -0.033498       0.0346901     -0.00810629      -0.0561478 
       4.410421      -0.0335576       0.0340345     -0.00846392      -0.0561478 
      4.4097671      -0.0335576       0.0339153     -0.00876194      -0.0563862 
      4.4091132      -0.0335576       0.0340345     -0.00858313      -0.0569227 
      4.4083633       -0.033498       0.0337961      -0.0082851      -0.0574591 
      4.4077034      -0.0337365       0.0338557      -0.0082851      -0.0575187 
      4.4070495      -0.0339153       0.0338557     -0.00834471      -0.0575783 
      4.4062996      -0.0338557       0.0337365     -0.00834471      -0.0578167 
      4.4056457      -0.0339153       0.0336769      -0.0082851      -0.0580552 
      4.4049858      -0.0339749       0.0338557      -0.0082255      -0.0579359 
      4.4042359      -0.0338557       0.0339153      -0.0082255      -0.0572207 
       4.403486      -0.0336173       0.0342729     -0.00834471      -0.0565054 
      4.4028321      -0.0334384       0.0340941     -0.00882155      -0.0562074 
      4.4021722      -0.0331404       0.0335576     -0.00876194      -0.0559094 
      4.4014223      -0.0330808       0.0335576     -0.00882155      -0.0557306 
      4.4007684      -0.0335576       0.0339153     -0.00870234      -0.0553133 
      4.4001145      -0.0338557       0.0344517     -0.00864273      -0.0550153 
      4.3993646      -0.0339749       0.0343325     -0.00840431      -0.0552537 
      4.3987047      -0.0342133       0.0346901     -0.00810629      -0.0554922 
      4.3979548      -0.0340941       0.0340941     -0.00804669      -0.0557306 
      4.3972049      -0.0339153       0.0336769     -0.00816589      -0.0566843 
       4.396551      -0.0337961       0.0336173      -0.0082851      -0.0565054 
       4.395897      -0.0337365       0.0330808     -0.00858313      -0.0561478 
      4.3952371      -0.0340941       0.0327232     -0.00900036      -0.0558498 
      4.3945832      -0.0342133       0.0327828     -0.00917917      -0.0558498 
      4.3939233      -0.0342729       0.0334384     -0.00911957       -0.055671 
      4.3931734      -0.0341537       0.0337365     -0.00888115      -0.0558498 
      4.3925195      -0.0340345       0.0334384     -0.00840431      -0.0563862 
      4.3918656      -0.0339749       0.0330212     -0.00864273      -0.0565054 
      4.3911157      -0.0335576       0.0320675     -0.00882155      -0.0565054 
      4.3904558      -0.0334384       0.0312927     -0.00870234      -0.0566843 
      4.3897059      -0.0337365       0.0312331     -0.00864273      -0.0571015 
       4.388956      -0.0338557       0.0318887     -0.00900036      -0.0571015 
      4.3883021      -0.0336173       0.0325444     -0.00917917      -0.0569823 
      4.3876482      -0.0334384       0.0328424     -0.00917917      -0.0567439 
      4.3868983      -0.0334384       0.0330808     -0.00911957      -0.0566843 
      4.3861484      -0.0333788       0.0331404     -0.00864273      -0.0564458 
      4.3853985      -0.0335576       0.0332596     -0.00834471      -0.0562074 
      4.3847386      -0.0337365       0.0327828     -0.00852352      -0.0559094 
      4.3840847      -0.0344517       0.0325444     -0.00870234      -0.0561478 
      4.3833348      -0.0347497       0.0324252     -0.00858313      -0.0567439 
      4.3826749      -0.0349286       0.0327232     -0.00834471      -0.0572803 
       4.381925      -0.0347497       0.0320675     -0.00834471      -0.0572207 
      4.3812711      -0.0342133       0.0321271     -0.00798708      -0.0568631 
      4.3805212      -0.0337365       0.0324848     -0.00804669      -0.0565054 
      4.3798673      -0.0336173       0.0327828     -0.00864273      -0.0568035 
      4.3791174       -0.033498        0.032604     -0.00900036      -0.0569823 
      4.3784575      -0.0334384       0.0324848     -0.00888115      -0.0568035 
      4.3777076      -0.0335576        0.032306     -0.00840431      -0.0564458 
      4.3770537      -0.0339749       0.0320079     -0.00810629      -0.0564458 
      4.3763998      -0.0342133       0.0316503     -0.00798708      -0.0564458 
      4.3756499      -0.0345709       0.0318887     -0.00834471      -0.0563862 
         4.3749      -0.0344517       0.0327828     -0.00894075      -0.0571611 
      4.3741501      -0.0340345       0.0331404     -0.00911957      -0.0575783 
      4.3734902      -0.0336769       0.0330808     -0.00870234      -0.0576975 
      4.3728363      -0.0333788       0.0335576      -0.0082851      -0.0579359 
      4.3720864         -0.0332       0.0336173      -0.0082851      -0.0580552 
      4.3714265      -0.0337365        0.033498     -0.00852352      -0.0579359 
      4.3706766      -0.0342133        0.032604     -0.00870234      -0.0574591 
      4.3700227      -0.0343325       0.0321271     -0.00864273      -0.0569227 
      4.3692728      -0.0342729       0.0318291     -0.00840431      -0.0566246 
      4.3686189      -0.0344517       0.0314119     -0.00858313      -0.0569823 
       4.367869      -0.0346305       0.0315907     -0.00882155      -0.0575783 
      4.3672091      -0.0344517       0.0317099     -0.00917917      -0.0573995 
      4.3664592      -0.0339749       0.0321271     -0.00959641      -0.0571015 
      4.3658053      -0.0336769       0.0320079     -0.00965601      -0.0567439 
      4.3650554      -0.0336173       0.0317099      -0.0094772      -0.0566843 
      4.3644015      -0.0336173       0.0319483     -0.00900036      -0.0567439 
      4.3636516      -0.0338557        0.032604     -0.00900036      -0.0572803 
      4.3629917      -0.0341537       0.0324848     -0.00882155      -0.0576975 
      4.3623378      -0.0338557        0.032902     -0.00858313      -0.0576975 
      4.3616778      -0.0336769       0.0331404     -0.00852352      -0.0576379 
      4.3610239      -0.0339749       0.0331404      -0.0082851      -0.0576379 
       4.360274      -0.0342729       0.0327232     -0.00852352      -0.0578167 
      4.3596201      -0.0340941       0.0327828     -0.00888115      -0.0579359 
      4.3588702      -0.0336173       0.0333192     -0.00917917      -0.0578167 
      4.3582103      -0.0335576       0.0343921     -0.00917917      -0.0572803 
      4.3574604       -0.033498       0.0350478     -0.00882155      -0.0570419 
      4.3568065      -0.0337365       0.0351074     -0.00888115      -0.0573399 
      4.3561526      -0.0338557       0.0346901     -0.00870234      -0.0578167 
      4.3554027      -0.0337365       0.0333788     -0.00882155      -0.0584724 
      4.3546528      -0.0337961       0.0327828     -0.00882155      -0.0581148 
      4.3539929      -0.0339749       0.0325444     -0.00864273      -0.0570419 
       4.353339      -0.0337365       0.0322463     -0.00858313      -0.0566246 
      4.3525891      -0.0338557       0.0321867     -0.00864273      -0.0571611 
      4.3518392      -0.0340941       0.0317099     -0.00894075      -0.0578167 
      4.3510893      -0.0338557       0.0315907     -0.00905996      -0.0579359 
      4.3504294      -0.0338557       0.0314119     -0.00870234      -0.0584128 
      4.3496795      -0.0337365       0.0312331     -0.00864273      -0.0586512 
      4.3490256      -0.0338557       0.0318887     -0.00882155      -0.0586512 
      4.3482757      -0.0341537       0.0326636     -0.00888115      -0.0584724 
      4.3476218      -0.0342729       0.0324848     -0.00864273      -0.0587108 
      4.3468719      -0.0342133       0.0322463     -0.00858313      -0.0585916 
       4.346212      -0.0342729       0.0323656     -0.00852352      -0.0583532 
      4.3454621      -0.0341537       0.0325444     -0.00888115      -0.0579359 
      4.3448082      -0.0338557       0.0331404     -0.00935799      -0.0578763 
      4.3441543      -0.0337365       0.0333788     -0.00923878      -0.0575783 
      4.3434044      -0.0339749       0.0334384     -0.00894075      -0.0572207 
      4.3427445      -0.0342729        0.033498     -0.00882155      -0.0570419 
      4.3419946      -0.0344517       0.0338557     -0.00882155      -0.0575783 
      4.3412447      -0.0340345       0.0335576     -0.00864273      -0.0575783 
      4.3405908      -0.0332596       0.0324252     -0.00864273      -0.0576975 
      4.3399309         -0.0332       0.0319483     -0.00900036      -0.0577571 
       4.339277      -0.0333192       0.0321271     -0.00911957      -0.0573995 
      4.3385271      -0.0334384       0.0326636     -0.00923878      -0.0569823 
      4.3377772      -0.0337365       0.0329616     -0.00965601      -0.0570419 
      4.3371233      -0.0339153       0.0331404     -0.00965601      -0.0572207 
      4.3363734      -0.0337961       0.0330808     -0.00935799      -0.0576379 
      4.3357135      -0.0339749        0.032604     -0.00911957      -0.0576379 
      4.3349636      -0.0340345       0.0321867     -0.00894075      -0.0573399 
      4.3342137      -0.0336769       0.0321867     -0.00900036      -0.0572803 
      4.3335598      -0.0337365        0.032306     -0.00894075      -0.0573995 
      4.3329059      -0.0339153       0.0322463     -0.00876194      -0.0570419 
       4.332156      -0.0338557       0.0324252     -0.00870234      -0.0569227 
      4.3314961      -0.0339749       0.0324252     -0.00900036      -0.0570419 
      4.3307462      -0.0341537        0.032306     -0.00900036      -0.0570419 
      4.3299063      -0.0340345       0.0317695     -0.00900036      -0.0573399 
      4.3291564      -0.0337961       0.0315907     -0.00888115      -0.0576975 
      4.3284065      -0.0339153       0.0314715     -0.00882155      -0.0575187 
      4.3277466      -0.0337365       0.0313523     -0.00888115      -0.0573995 
      4.3269967      -0.0334384       0.0315907     -0.00894075      -0.0573995 
      4.3263428      -0.0334384       0.0316503     -0.00923878      -0.0576379 
      4.3255929      -0.0335576       0.0318887     -0.00941759      -0.0576379 
       4.324933      -0.0338557       0.0324252     -0.00911957      -0.0580552 
      4.3241831      -0.0336769       0.0321271     -0.00864273      -0.0586512 
      4.3235292      -0.0337365       0.0320079     -0.00864273      -0.0583532 
      4.3227793      -0.0337365       0.0319483     -0.00870234      -0.0578763 
      4.3221254      -0.0339749       0.0315311     -0.00870234      -0.0577571 
      4.3214655      -0.0339749       0.0315311      -0.0082851      -0.0578167 
      4.3207156      -0.0343921       0.0315311     -0.00792748      -0.0576975 
      4.3199657      -0.0342729       0.0312927     -0.00786787      -0.0576379 
      4.3193118      -0.0341537       0.0313523     -0.00816589      -0.0575187 
      4.3185619      -0.0340941       0.0318291     -0.00840431      -0.0572803 
       4.317908      -0.0339749       0.0320675     -0.00846392      -0.0569823 
      4.3171581      -0.0337365       0.0318887     -0.00798708      -0.0567439 
      4.3164982      -0.0339749       0.0318887      -0.0082255      -0.0569823 
      4.3158443      -0.0341537       0.0318291     -0.00840431      -0.0573399 
      4.3150944      -0.0345709       0.0317099     -0.00864273      -0.0573399 
      4.3144345       -0.035167       0.0318291     -0.00858313      -0.0574591 
      4.3136846      -0.0352862       0.0318291     -0.00858313      -0.0572803 
      4.3129347      -0.0350478       0.0315311      -0.0082255      -0.0575187 
      4.3121848      -0.0349882       0.0306966     -0.00804669      -0.0575783 
      4.3115309       -0.034869        0.029862      -0.0082255      -0.0572803 
       4.310877      -0.0345113       0.0295044     -0.00846392      -0.0573399 
      4.3102171      -0.0339749       0.0299216     -0.00876194      -0.0579359 
      4.3094672      -0.0336769       0.0304581     -0.00905996      -0.0584128 
      4.3087173      -0.0336769       0.0310543     -0.00900036      -0.0583532 
      4.3079674      -0.0339153       0.0306966     -0.00905996      -0.0584724 
      4.3073135      -0.0341537       0.0307562     -0.00894075        -0.05883 
      4.3066596      -0.0342729        0.030935     -0.00888115      -0.0587108 
      4.3059097      -0.0342729       0.0308158     -0.00864273      -0.0578763 
      4.3052498      -0.0342729       0.0306966     -0.00834471      -0.0573995 
      4.3044999      -0.0339749       0.0305774     -0.00834471      -0.0573399 
       4.303846      -0.0337365       0.0302197     -0.00882155      -0.0572207 
      4.3031861      -0.0338557       0.0299813     -0.00900036      -0.0575187 
      4.3025321      -0.0341537       0.0294448     -0.00870234      -0.0573399 
      4.3017823      -0.0344517       0.0285507     -0.00852352      -0.0569227 
      4.3010324      -0.0339749       0.0280739     -0.00864273      -0.0570419 
      4.3003784      -0.0331404       0.0280143     -0.00858313      -0.0573399 
      4.2996286       -0.032604       0.0277759     -0.00834471      -0.0572803 
      4.2988787      -0.0315907       0.0264646     -0.00780827      -0.0571015 
      4.2982188       -0.030637       0.0246168     -0.00739101      -0.0575187 
      4.2974689      -0.0298024       0.0228883     -0.00751021      -0.0569823 
      4.2968149      -0.0282527       0.0206233     -0.00810629      -0.0560286 
       4.296161      -0.0261666       0.0179411     -0.00858313      -0.0554922 
      4.2954111      -0.0210406       0.0122786      -0.0094772      -0.0541809 
      4.2946613     -0.00512603       0.0113249      -0.0125766      -0.0525715 
      4.2940013       0.0179411       0.0191928      -0.0189544      -0.0516775 
      4.2933474       0.0424387       0.0304581      -0.0272394       -0.051141 
      4.2925975       0.0579956       0.0355246      -0.0339749      -0.0509026 
      4.2918476       0.0615721       0.0262858      -0.0369551      -0.0492337 
      4.2910978       0.0519159      0.00971562      -0.0352266      -0.0467899 
      4.2904378       0.0391605     -0.00298025      -0.0319483      -0.0441673 
      4.2897839       0.0273586      -0.0120402        -0.02867      -0.0420811 
       4.289034       0.0163914      -0.0179411      -0.0255705      -0.0413063 
      4.2883801      0.00667575      -0.0191332      -0.0222923      -0.0419023 
      4.2877202     -0.00149012      -0.0166894      -0.0188352      -0.0432732 
      4.2870663     -0.00798708      -0.0120402      -0.0162722      -0.0449421 
      4.2863164      -0.0140668     -0.00572208      -0.0143648      -0.0468495 
      4.2856625      -0.0191332      0.00131131      -0.0129343       -0.048578 
      4.2850026      -0.0232459      0.00655654      -0.0118018      -0.0503662 
      4.2843487      -0.0265242       0.0104905      -0.0107289      -0.0518563 
      4.2836888      -0.0287892       0.0132323     -0.00995403      -0.0528696 
      4.2829389      -0.0300409        0.016153      -0.0095368      -0.0541809 
       4.282285      -0.0308754        0.018418      -0.0095368      -0.0544789 
      4.2815351      -0.0321271       0.0200869      -0.0094772      -0.0547173 
      4.2808812      -0.0328424        0.021577     -0.00876194      -0.0553133 
      4.2802213      -0.0333788       0.0234843     -0.00864273      -0.0554326 
      4.2794714      -0.0340345       0.0245572     -0.00882155      -0.0556114 
      4.2787215      -0.0350478        0.026107     -0.00888115      -0.0563266 
      4.2780676      -0.0355842       0.0273586      -0.0082851      -0.0568631 
      4.2774137      -0.0357034       0.0275375     -0.00792748      -0.0570419 
      4.2766638      -0.0361803       0.0277163     -0.00768906      -0.0573399 
      4.2759139      -0.0362995       0.0280739     -0.00762945      -0.0574591 
       4.275254      -0.0361206       0.0280739     -0.00768906      -0.0575187 
      4.2745041      -0.0362399       0.0272394     -0.00756982      -0.0574591 
      4.2738502      -0.0361206       0.0265242     -0.00739101      -0.0576975 
      4.2731003      -0.0358822       0.0270606     -0.00756982      -0.0581148 
      4.2723504      -0.0361206       0.0281335     -0.00762945      -0.0584128 
      4.2716905      -0.0361206       0.0285507     -0.00762945      -0.0588896 
      4.2710366      -0.0359418       0.0287892     -0.00756982      -0.0591876 
      4.2702867      -0.0360014       0.0289084     -0.00768906      -0.0593069 
      4.2696328      -0.0361206       0.0287892     -0.00780827      -0.0587704 
      4.2688829      -0.0359418       0.0287892     -0.00774866      -0.0582936 
       4.268133      -0.0358226       0.0288488     -0.00768906      -0.0581744 
      4.2674731      -0.0358822        0.029266     -0.00774866      -0.0584724 
      4.2667232      -0.0357034       0.0293852     -0.00768906      -0.0586512 
      4.2659733      -0.0353458       0.0293256     -0.00762945      -0.0583532 
      4.2653194      -0.0353458        0.029266     -0.00780827      -0.0579359 
      4.2645695      -0.0355842       0.0296832     -0.00816589      -0.0580552 
      4.2639156      -0.0355842       0.0302197      -0.0082255      -0.0578763 
      4.2632557      -0.0358226       0.0302793     -0.00804669      -0.0577571 
      4.2626017       -0.035763       0.0303389      -0.0082851      -0.0578763 
      4.2618519      -0.0355842       0.0308158     -0.00852352      -0.0578763 
       4.261102      -0.0355842       0.0315311     -0.00858313       -0.058532 
      4.2604421      -0.0358226       0.0318291     -0.00834471      -0.0584128 
      4.2597881      -0.0359418       0.0318291     -0.00804669      -0.0583532 
      4.2591342      -0.0358226       0.0315907     -0.00798708      -0.0589492 
      4.2583843      -0.0355842       0.0314119     -0.00751021      -0.0593069 
      4.2577244      -0.0355246       0.0314119     -0.00751021      -0.0590684 
      4.2569745      -0.0355246       0.0316503     -0.00780827      -0.0587704 
      4.2563206      -0.0357034       0.0318887     -0.00780827      -0.0590088 
      4.2556667      -0.0361803       0.0319483     -0.00762945        -0.05883 
      4.2550068      -0.0367763       0.0315907     -0.00751021      -0.0584724 
      4.2543529      -0.0372531       0.0312927     -0.00768906      -0.0581744 
       4.253603      -0.0369551       0.0314715     -0.00816589      -0.0578763 
      4.2529431      -0.0364783       0.0311735      -0.0082255      -0.0579956 
      4.2522892      -0.0363591       0.0312927     -0.00786787      -0.0582936 
      4.2515393      -0.0364783       0.0317099     -0.00745061      -0.0586512 
      4.2508854      -0.0367167       0.0320079     -0.00721219      -0.0581148 
      4.2502255      -0.0362995       0.0312927     -0.00751021      -0.0579359 
      4.2494756      -0.0358822       0.0302793     -0.00774866       -0.058532 
      4.2487257      -0.0357034        0.029862     -0.00798708      -0.0584724 
      4.2479758      -0.0357034       0.0299813     -0.00834471      -0.0586512 
      4.2473219      -0.0358226       0.0303985     -0.00816589        -0.05883 
       4.246668       -0.035763       0.0307562     -0.00780827      -0.0587704 
      4.2460081      -0.0354054       0.0307562     -0.00762945        -0.05883 
      4.2452582      -0.0353458       0.0310543     -0.00745061      -0.0589492 
      4.2445083      -0.0355246       0.0315907     -0.00745061      -0.0590684 
      4.2438544      -0.0353458       0.0312331     -0.00768906        -0.05883 
      4.2431045      -0.0352862       0.0310543     -0.00780827      -0.0583532 
      4.2424446      -0.0354054       0.0306966     -0.00739101      -0.0584128 
      4.2416947      -0.0349286       0.0302197     -0.00739101      -0.0582936 
      4.2410408      -0.0348093       0.0303389     -0.00756982      -0.0582936 
      4.2403869      -0.0351074       0.0307562     -0.00768906       -0.058532 
       4.239727       -0.035167       0.0311735     -0.00756982      -0.0590088 
      4.2390731      -0.0352862       0.0311139     -0.00745061      -0.0593665 
      4.2384191      -0.0350478       0.0309946     -0.00739101      -0.0596645 
      4.2377592      -0.0346901       0.0307562     -0.00721219      -0.0591876 
      4.2370093      -0.0345709       0.0305178     -0.00703338        -0.05883 
      4.2363554      -0.0346305       0.0311139     -0.00667575      -0.0593069 
      4.2356055      -0.0347497       0.0311735     -0.00649694      -0.0596049 
      4.2349456      -0.0348093       0.0309946     -0.00643733      -0.0596645 
      4.2341957      -0.0348093       0.0310543     -0.00631812      -0.0597837 
      4.2335418      -0.0345709       0.0311139     -0.00637773      -0.0594857 
      4.2327919      -0.0343325       0.0314715      -0.0072718      -0.0596049 
       4.232138      -0.0338557       0.0314119     -0.00786787      -0.0600817 
      4.2313881      -0.0338557       0.0311139     -0.00780827      -0.0599029 
      4.2306382      -0.0340941       0.0309946     -0.00756982      -0.0594857 
      4.2299783      -0.0342133       0.0308754     -0.00756982      -0.0595453 
      4.2292284      -0.0341537       0.0315907     -0.00762945      -0.0598433 
      4.2284785      -0.0340941       0.0318291     -0.00762945      -0.0605586 
      4.2278246      -0.0336173       0.0315311     -0.00768906      -0.0608566 
      4.2270747      -0.0336769       0.0311139     -0.00762945      -0.0604989 
      4.2264208      -0.0339749       0.0308754     -0.00762945      -0.0601413 
      4.2256709      -0.0341537       0.0310543     -0.00774866      -0.0599029 
       4.224921      -0.0340345       0.0313523     -0.00780827      -0.0593069 
      4.2241711      -0.0343921       0.0315907     -0.00804669      -0.0593665 
      4.2235112      -0.0345113       0.0318887     -0.00810629      -0.0595453 
      4.2228573      -0.0346305       0.0318887      -0.0082851      -0.0594857 
      4.2221074      -0.0345709       0.0321271      -0.0082255      -0.0593069 
      4.2213575      -0.0345709       0.0325444     -0.00804669      -0.0591876 
      4.2206076      -0.0340941        0.032306      -0.0082851      -0.0592472 
      4.2198577      -0.0337365       0.0322463     -0.00810629      -0.0593069 
      4.2191978      -0.0333192       0.0321271      -0.0082255      -0.0590684 
      4.2185439      -0.0331404        0.032306      -0.0082255      -0.0587108 
       4.217794      -0.0334384       0.0324252     -0.00810629        -0.05883 
      4.2171401      -0.0334384       0.0324252     -0.00840431      -0.0589492 
      4.2164802      -0.0331404       0.0324252     -0.00834471      -0.0587704 
      4.2157303      -0.0331404       0.0321867     -0.00804669      -0.0582936 
      4.2150764      -0.0332596       0.0315907      -0.0082851      -0.0580552 
      4.2144225      -0.0331404       0.0314119     -0.00846392      -0.0587108 
      4.2136726         -0.0332       0.0321271     -0.00840431      -0.0594261 
      4.2129227       -0.032902       0.0324848      -0.0082851      -0.0597241 
      4.2121728       -0.032604       0.0327232     -0.00816589      -0.0602009 
      4.2115129       -0.032306       0.0328424     -0.00810629      -0.0600221 
       4.210859      -0.0324848       0.0329616     -0.00810629      -0.0593069 
      4.2101091      -0.0324848       0.0326636      -0.0082851        -0.05883 
      4.2094492       -0.032306       0.0324252     -0.00852352      -0.0581744 
      4.2086993      -0.0324848       0.0320079     -0.00834471      -0.0581744 
      4.2080454      -0.0327232       0.0324848     -0.00804669      -0.0587704 
      4.2072955      -0.0327232       0.0331404     -0.00792748        -0.05883 
      4.2065456      -0.0324252       0.0331404     -0.00768906      -0.0593069 
      4.2058917      -0.0318887       0.0329616     -0.00762945      -0.0599625 
      4.2052318      -0.0318887       0.0329616     -0.00804669      -0.0600817 
      4.2044819      -0.0321867       0.0334384     -0.00840431      -0.0599625 
       4.203828      -0.0321271       0.0343325     -0.00846392      -0.0593665 
      4.2030781      -0.0321271       0.0344517     -0.00816589      -0.0590088 
      4.2024242      -0.0320675       0.0346901     -0.00786787      -0.0589492 
      4.2016743      -0.0320079       0.0352266     -0.00762945      -0.0593665 
      4.2010144      -0.0317695        0.035465     -0.00768906      -0.0596645 
      4.2003605      -0.0318887        0.035465     -0.00780827      -0.0596049 
      4.1996106      -0.0319483        0.035465     -0.00786787      -0.0592472 
      4.1989507      -0.0321271       0.0360014     -0.00798708      -0.0588896 
      4.1982008      -0.0317695       0.0365379     -0.00834471      -0.0586512 
      4.1974509      -0.0317695       0.0363591     -0.00864273       -0.058532 
       4.196797      -0.0322463       0.0364187     -0.00852352      -0.0591876 
      4.1960471      -0.0324848       0.0361803      -0.0082851      -0.0598433 
      4.1952972      -0.0324848       0.0361803     -0.00798708      -0.0590088 
      4.1946433      -0.0323656       0.0365975     -0.00739101      -0.0587704 
      4.1939834      -0.0321271       0.0370147     -0.00697377      -0.0590684 
      4.1932335      -0.0317695       0.0370743     -0.00709298      -0.0594857 
      4.1925796      -0.0319483       0.0370147     -0.00751021      -0.0599029 
      4.1918297      -0.0322463       0.0371935     -0.00786787      -0.0604989 
      4.1910798      -0.0321867       0.0363591     -0.00780827      -0.0600817 
      4.1904259      -0.0322463       0.0362995     -0.00739101      -0.0599625 
       4.189676      -0.0324848       0.0367763      -0.0073314      -0.0602009 
      4.1890161      -0.0327828       0.0374916     -0.00739101      -0.0596645 
      4.1882662      -0.0331404       0.0380876     -0.00762945      -0.0587108 
      4.1876123       -0.032902       0.0383856     -0.00756982       -0.058234 
      4.1868624      -0.0324252       0.0384452     -0.00751021      -0.0580552 
      4.1862025      -0.0323656       0.0375512     -0.00751021      -0.0581148 
      4.1854526       -0.032604       0.0373723     -0.00768906      -0.0584724 
      4.1847987      -0.0329616       0.0370147     -0.00774866      -0.0587704 
      4.1840488      -0.0334384       0.0370743     -0.00739101      -0.0593069 
      4.1833949      -0.0335576         0.03773     -0.00679496      -0.0596049 
       4.182735      -0.0336173       0.0382068     -0.00649694      -0.0593665 
      4.1819851      -0.0339153       0.0388029     -0.00625852      -0.0594857 
      4.1813312      -0.0340345       0.0393393     -0.00637773      -0.0599625 
      4.1805813      -0.0342133       0.0394585     -0.00631812      -0.0600221 
      4.1799273      -0.0342133       0.0393393     -0.00590089      -0.0600221 
      4.1791775      -0.0343921       0.0392797     -0.00590089      -0.0602605 
      4.1784276      -0.0346901       0.0392797     -0.00554326      -0.0601413 
      4.1777677      -0.0347497       0.0396969     -0.00554326      -0.0596049 
      4.1770178      -0.0349882       0.0398161     -0.00613931      -0.0594857 
      4.1763638      -0.0352862       0.0395181     -0.00643733      -0.0593665 
       4.175614      -0.0354054       0.0396373     -0.00655654      -0.0595453 
      4.1748641      -0.0355842       0.0398161     -0.00661614      -0.0600817 
      4.1742042      -0.0356438       0.0404718     -0.00661614      -0.0601413 
      4.1735502      -0.0362399       0.0411274     -0.00667575      -0.0601413 
      4.1728003      -0.0369551        0.040889     -0.00661614      -0.0601413 
      4.1721464      -0.0369551        0.040591     -0.00649694      -0.0599029 
      4.1714865      -0.0364783       0.0401738     -0.00661614      -0.0595453 
      4.1707366      -0.0362995       0.0404122     -0.00637773      -0.0591876 
      4.1699867      -0.0366571       0.0404122      -0.0060201      -0.0587704 
      4.1693328      -0.0372531        0.040889      -0.0060797      -0.0584724 
      4.1685829        -0.03773       0.0414255     -0.00631812      -0.0584128 
       4.167833      -0.0378492       0.0414851     -0.00643733      -0.0585916 
      4.1671791      -0.0378492       0.0412466     -0.00667575      -0.0590088 
      4.1664292      -0.0374916       0.0408294     -0.00655654      -0.0590088 
      4.1657693      -0.0374319       0.0401738     -0.00643733      -0.0594857 
      4.1650194      -0.0379088       0.0396969     -0.00625852      -0.0600817 
      4.1643655      -0.0381472       0.0398757     -0.00619891      -0.0602009 
      4.1636156       -0.038326       0.0400546     -0.00566247      -0.0604393 
      4.1629557      -0.0386836       0.0400546     -0.00518563      -0.0602605 
      4.1623018      -0.0389221       0.0392797     -0.00536445      -0.0600817 
      4.1616479      -0.0392201        0.038624     -0.00572208      -0.0597241 
       4.160898      -0.0395181       0.0383856     -0.00590089      -0.0593069 
      4.1601481      -0.0392797       0.0383856      -0.0060201      -0.0593665 
      4.1594882      -0.0393393       0.0384452     -0.00631812      -0.0596049 
      4.1587383      -0.0393989       0.0379088     -0.00631812      -0.0600817 
      4.1580844      -0.0393393       0.0376108     -0.00619891      -0.0603201 
      4.1574305      -0.0393393       0.0377896      -0.0060797      -0.0600817 
      4.1566806      -0.0393989       0.0376108     -0.00596049      -0.0595453 
      4.1559307      -0.0392797        0.038028     -0.00590089      -0.0594857 
      4.1552708      -0.0393989       0.0385048     -0.00590089      -0.0595453 
      4.1546169      -0.0397565       0.0387433     -0.00584128      -0.0599625 
       4.153867      -0.0397565       0.0389817     -0.00590089      -0.0604393 
      4.1531171      -0.0397565       0.0391605     -0.00578168      -0.0603797 
      4.1524572      -0.0399949       0.0389817     -0.00560287      -0.0597837 
      4.1518033      -0.0399949        0.038326     -0.00554326      -0.0591876 
      4.1510534      -0.0398161       0.0370743     -0.00554326      -0.0590088 
      4.1503995      -0.0397565       0.0362399     -0.00560287      -0.0587108 
      
